# time[Gyr]	x1[kpc]	y1	z1		x2	y2	z2 	
# box half side = 200.0 kpc
# bin width = 5.0 kpc
3.5   42.5   112.5   -2.5   -47.5   -112.5   2.5
3.51   42.5   112.5   -2.5   -47.5   -112.5   2.5
3.52   37.5   112.5   -2.5   -47.5   -112.5   2.5
3.53   37.5   112.5   -2.5   -42.5   -112.5   2.5
3.54   37.5   112.5   -2.5   -42.5   -112.5   2.5
3.55   37.5   112.5   -2.5   -42.5   -107.5   2.5
3.56   32.5   112.5   -2.5   -37.5   -107.5   2.5
3.57   32.5   107.5   -2.5   -37.5   -107.5   2.5
3.58   32.5   107.5   -2.5   -37.5   -107.5   2.5
3.59   32.5   107.5   -2.5   -37.5   -107.5   2.5
3.6   32.5   107.5   2.5   -32.5   -107.5   2.5
3.61   27.5   107.5   -2.5   -32.5   -107.5   2.5
3.62   27.5   107.5   -2.5   -32.5   -102.5   7.5
3.63   27.5   102.5   -2.5   -27.5   -102.5   2.5
3.64   27.5   102.5   -2.5   -27.5   -102.5   2.5
3.65   22.5   102.5   -2.5   -27.5   -102.5   2.5
3.66   22.5   102.5   -2.5   -27.5   -102.5   2.5
3.67   22.5   102.5   -2.5   -27.5   -102.5   2.5
3.68   22.5   102.5   -2.5   -22.5   -102.5   7.5
3.69   17.5   102.5   -2.5   -22.5   -102.5   7.5
3.7   17.5   102.5   -2.5   -22.5   -97.5   7.5
3.71   17.5   102.5   -2.5   -22.5   -97.5   7.5
3.72   17.5   97.5   -2.5   -17.5   -97.5   7.5
3.73   12.5   97.5   -2.5   -17.5   -97.5   2.5
3.74   12.5   97.5   -2.5   -17.5   -97.5   7.5
3.75   12.5   97.5   -2.5   -12.5   -92.5   2.5
3.76   12.5   97.5   -2.5   -12.5   -92.5   2.5
3.77   7.5   92.5   -2.5   -12.5   -92.5   2.5
3.78   7.5   92.5   -2.5   -12.5   -92.5   2.5
3.79   7.5   92.5   -2.5   -12.5   -92.5   2.5
3.8   7.5   92.5   -2.5   -7.5   -87.5   2.5
3.81   7.5   92.5   -2.5   -7.5   -87.5   2.5
3.82   2.5   92.5   -2.5   -7.5   -87.5   7.5
3.83   2.5   92.5   -2.5   -2.5   -87.5   2.5
3.84   2.5   87.5   -2.5   -2.5   -87.5   2.5
3.85   -2.5   87.5   2.5   2.5   -82.5   2.5
3.86   -2.5   87.5   -2.5   2.5   -82.5   2.5
3.87   -2.5   87.5   2.5   2.5   -82.5   2.5
3.88   -2.5   82.5   -2.5   2.5   -82.5   2.5
3.89   -2.5   82.5   -2.5   2.5   -82.5   2.5
3.9   -7.5   82.5   -2.5   7.5   -77.5   2.5
3.91   -7.5   82.5   -2.5   7.5   -77.5   2.5
3.92   -7.5   82.5   -2.5   7.5   -77.5   2.5
3.93   -7.5   82.5   -2.5   12.5   -77.5   2.5
3.94   -12.5   77.5   -2.5   7.5   -77.5   2.5
3.95   -12.5   77.5   -2.5   12.5   -77.5   2.5
3.96   -12.5   77.5   2.5   12.5   -77.5   2.5
3.97   -12.5   77.5   2.5   12.5   -72.5   2.5
3.98   -17.5   72.5   2.5   12.5   -72.5   2.5
3.99   -17.5   72.5   2.5   12.5   -72.5   2.5
4.0   -17.5   72.5   -2.5   12.5   -72.5   7.5
4.01   -17.5   72.5   -2.5   17.5   -67.5   2.5
4.02   -22.5   72.5   2.5   17.5   -67.5   2.5
4.03   -22.5   67.5   2.5   17.5   -62.5   2.5
4.04   -22.5   67.5   -2.5   17.5   -62.5   2.5
4.05   -22.5   67.5   -2.5   17.5   -62.5   2.5
4.06   -27.5   62.5   -2.5   17.5   -62.5   2.5
4.07   -27.5   62.5   2.5   22.5   -62.5   7.5
4.08   -27.5   62.5   -2.5   22.5   -62.5   2.5
4.09   -32.5   57.5   -2.5   27.5   -57.5   2.5
4.1   -32.5   57.5   -2.5   27.5   -57.5   2.5
4.11   -32.5   57.5   -2.5   27.5   -57.5   2.5
4.12   -32.5   57.5   -2.5   27.5   -52.5   2.5
4.13   -32.5   57.5   -2.5   27.5   -52.5   2.5
4.14   -37.5   52.5   -2.5   32.5   -52.5   7.5
4.15   -37.5   52.5   -2.5   32.5   -52.5   7.5
4.16   -37.5   52.5   -2.5   32.5   -47.5   2.5
4.17   -37.5   47.5   -2.5   32.5   -47.5   2.5
4.18   -37.5   47.5   -2.5   32.5   -47.5   2.5
4.19   -37.5   47.5   2.5   37.5   -47.5   2.5
4.2   -42.5   42.5   -2.5   37.5   -42.5   2.5
4.21   -42.5   42.5   2.5   37.5   -42.5   2.5
4.22   -42.5   42.5   2.5   37.5   -42.5   2.5
4.23   -47.5   42.5   -2.5   42.5   -42.5   2.5
4.24   -42.5   37.5   -2.5   42.5   -37.5   2.5
4.25   -47.5   37.5   -2.5   42.5   -37.5   2.5
4.26   -47.5   37.5   -2.5   42.5   -37.5   2.5
4.27   -47.5   32.5   -2.5   47.5   -32.5   2.5
4.28   -47.5   32.5   -2.5   47.5   -32.5   2.5
4.29   -47.5   27.5   -2.5   47.5   -32.5   2.5
4.3   -47.5   27.5   -2.5   47.5   -32.5   2.5
4.31   -52.5   22.5   -2.5   47.5   -27.5   2.5
4.32   -52.5   22.5   -2.5   47.5   -27.5   2.5
4.33   -52.5   22.5   -2.5   47.5   -22.5   2.5
4.34   -52.5   22.5   -2.5   52.5   -22.5   2.5
4.35   -52.5   17.5   -2.5   52.5   -17.5   2.5
4.36   -52.5   17.5   -2.5   52.5   -17.5   2.5
4.37   -52.5   12.5   -2.5   52.5   -17.5   2.5
4.38   -52.5   12.5   -2.5   52.5   -17.5   2.5
4.39   -52.5   12.5   -2.5   57.5   -12.5   2.5
4.4   -57.5   7.5   2.5   57.5   -12.5   2.5
4.41   -57.5   7.5   2.5   57.5   -7.5   2.5
4.42   -57.5   7.5   2.5   57.5   -7.5   2.5
4.43   -57.5   2.5   2.5   57.5   -7.5   2.5
4.44   -57.5   2.5   2.5   57.5   -2.5   -2.5
4.45   -57.5   2.5   2.5   57.5   -2.5   2.5
4.46   -57.5   -2.5   2.5   57.5   2.5   -2.5
4.47   -57.5   -2.5   2.5   57.5   2.5   -2.5
4.48   -57.5   -2.5   2.5   57.5   2.5   2.5
4.49   -57.5   -2.5   2.5   57.5   7.5   2.5
4.5   -57.5   -7.5   2.5   57.5   7.5   2.5
4.51   -57.5   -7.5   2.5   57.5   7.5   2.5
4.52   -57.5   -12.5   2.5   57.5   12.5   2.5
4.53   -57.5   -12.5   2.5   57.5   12.5   -2.5
4.54   -57.5   -12.5   2.5   57.5   17.5   2.5
4.55   -57.5   -12.5   2.5   57.5   17.5   -2.5
4.56   -57.5   -17.5   2.5   57.5   22.5   2.5
4.57   -57.5   -17.5   2.5   57.5   22.5   2.5
4.58   -57.5   -22.5   2.5   57.5   22.5   -2.5
4.59   -57.5   -22.5   2.5   57.5   27.5   -2.5
4.6   -57.5   -22.5   2.5   57.5   27.5   -2.5
4.61   -57.5   -27.5   2.5   57.5   32.5   -2.5
4.62   -57.5   -27.5   2.5   57.5   32.5   2.5
4.63   -57.5   -32.5   2.5   57.5   32.5   2.5
4.64   -57.5   -32.5   2.5   57.5   32.5   -2.5
4.65   -57.5   -37.5   2.5   57.5   32.5   -2.5
4.66   -57.5   -37.5   2.5   57.5   37.5   -2.5
4.67   -57.5   -37.5   2.5   57.5   37.5   2.5
4.68   -57.5   -42.5   2.5   57.5   37.5   2.5
4.69   -52.5   -42.5   2.5   52.5   42.5   2.5
4.7   -57.5   -42.5   2.5   52.5   42.5   2.5
4.71   -52.5   -42.5   2.5   52.5   42.5   2.5
4.72   -52.5   -47.5   2.5   52.5   47.5   2.5
4.73   -52.5   -47.5   2.5   52.5   47.5   2.5
4.74   -52.5   -47.5   2.5   52.5   47.5   -2.5
4.75   -52.5   -47.5   2.5   52.5   52.5   -2.5
4.76   -52.5   -52.5   2.5   52.5   52.5   -2.5
4.77   -52.5   -47.5   2.5   52.5   52.5   -2.5
4.78   -52.5   -52.5   2.5   52.5   52.5   -2.5
4.79   -52.5   -52.5   2.5   52.5   52.5   -2.5
4.8   -52.5   -52.5   2.5   52.5   57.5   -2.5
4.81   -52.5   -57.5   2.5   52.5   57.5   -2.5
4.82   -52.5   -57.5   2.5   52.5   57.5   -2.5
4.83   -52.5   -57.5   2.5   47.5   62.5   -2.5
4.84   -52.5   -62.5   2.5   47.5   62.5   -2.5
4.85   -52.5   -62.5   2.5   47.5   67.5   -2.5
4.86   -52.5   -62.5   2.5   47.5   67.5   -2.5
4.87   -47.5   -62.5   2.5   47.5   67.5   -2.5
4.88   -47.5   -62.5   2.5   47.5   67.5   -2.5
4.89   -47.5   -67.5   2.5   47.5   67.5   -2.5
4.9   -47.5   -67.5   2.5   47.5   72.5   -2.5
4.91   -47.5   -67.5   2.5   47.5   72.5   -7.5
4.92   -47.5   -67.5   2.5   47.5   72.5   -7.5
4.93   -47.5   -67.5   2.5   42.5   72.5   -2.5
4.94   -47.5   -67.5   2.5   42.5   72.5   -2.5
4.95   -47.5   -72.5   2.5   42.5   72.5   -2.5
4.96   -47.5   -72.5   2.5   42.5   77.5   -2.5
4.97   -47.5   -72.5   2.5   42.5   77.5   -2.5
4.98   -42.5   -77.5   2.5   42.5   82.5   -2.5
4.99   -42.5   -77.5   2.5   42.5   82.5   -2.5
5.0   -42.5   -77.5   2.5   37.5   82.5   -2.5
5.01   -42.5   -77.5   2.5   37.5   82.5   -2.5
5.02   -42.5   -77.5   2.5   37.5   82.5   -2.5
5.03   -42.5   -82.5   2.5   37.5   82.5   -2.5
5.04   -42.5   -82.5   2.5   37.5   82.5   -2.5
5.05   -42.5   -82.5   2.5   37.5   82.5   -2.5
5.06   -37.5   -87.5   2.5   37.5   87.5   -2.5
5.07   -37.5   -87.5   2.5   37.5   87.5   -2.5
5.08   -37.5   -87.5   2.5   32.5   87.5   -2.5
5.09   -37.5   -87.5   2.5   32.5   92.5   -2.5
5.1   -37.5   -87.5   2.5   32.5   92.5   -2.5
5.11   -37.5   -87.5   2.5   32.5   92.5   -2.5
5.12   -37.5   -92.5   2.5   32.5   92.5   -2.5
5.13   -37.5   -92.5   7.5   32.5   92.5   -2.5
5.14   -37.5   -92.5   2.5   32.5   92.5   -2.5
5.15   -37.5   -92.5   2.5   32.5   92.5   -2.5
5.16   -37.5   -92.5   7.5   32.5   97.5   -2.5
5.17   -32.5   -97.5   2.5   32.5   97.5   -2.5
5.18   -32.5   -97.5   2.5   32.5   97.5   -2.5
5.19   -32.5   -97.5   2.5   32.5   97.5   -2.5
5.2   -32.5   -97.5   2.5   32.5   102.5   -2.5
5.21   -32.5   -97.5   2.5   32.5   102.5   2.5
5.22   -32.5   -97.5   2.5   27.5   102.5   2.5
5.23   -32.5   -102.5   2.5   27.5   102.5   -2.5
5.24   -32.5   -102.5   2.5   27.5   102.5   2.5
5.25   -32.5   -102.5   2.5   27.5   102.5   2.5
5.26   -32.5   -102.5   2.5   27.5   102.5   -2.5
5.27   -32.5   -102.5   7.5   27.5   102.5   -2.5
5.28   -32.5   -102.5   2.5   27.5   102.5   -2.5
5.29   -32.5   -102.5   7.5   27.5   102.5   2.5
5.3   -27.5   -102.5   7.5   27.5   107.5   2.5
5.31   -27.5   -102.5   7.5   27.5   107.5   2.5
5.32   -27.5   -107.5   2.5   22.5   107.5   2.5
5.33   -27.5   -107.5   2.5   22.5   107.5   2.5
5.34   -27.5   -107.5   2.5   22.5   107.5   2.5
5.35   -27.5   -107.5   2.5   22.5   107.5   2.5
5.36   -27.5   -107.5   7.5   22.5   107.5   -2.5
5.37   -27.5   -107.5   7.5   22.5   112.5   -2.5
5.38   -27.5   -112.5   7.5   22.5   112.5   -2.5
5.39   -27.5   -112.5   7.5   22.5   112.5   -2.5
5.4   -22.5   -112.5   7.5   22.5   112.5   -2.5
5.41   -22.5   -112.5   7.5   22.5   112.5   -2.5
5.42   -22.5   -112.5   7.5   17.5   112.5   2.5
5.43   -22.5   -112.5   7.5   17.5   117.5   2.5
5.44   -22.5   -112.5   7.5   17.5   117.5   2.5
5.45   -17.5   -112.5   7.5   17.5   117.5   2.5
5.46   -22.5   -112.5   7.5   17.5   117.5   -2.5
5.47   -22.5   -112.5   7.5   17.5   117.5   -2.5
5.48   -22.5   -112.5   7.5   17.5   117.5   -2.5
5.49   -22.5   -112.5   7.5   17.5   122.5   -2.5
5.5   -17.5   -112.5   7.5   17.5   122.5   2.5
5.51   -17.5   -117.5   7.5   17.5   122.5   2.5
5.52   -17.5   -117.5   2.5   12.5   122.5   2.5
5.53   -17.5   -117.5   2.5   12.5   122.5   2.5
5.54   -17.5   -117.5   2.5   12.5   122.5   -2.5
5.55   -17.5   -117.5   2.5   7.5   122.5   -2.5
5.56   -17.5   -117.5   2.5   7.5   122.5   -2.5
5.57   -17.5   -117.5   2.5   12.5   127.5   -2.5
5.58   -17.5   -117.5   2.5   12.5   127.5   -2.5
5.59   -12.5   -117.5   2.5   12.5   127.5   -2.5
5.6   -12.5   -117.5   2.5   12.5   122.5   -2.5
5.61   -17.5   -117.5   2.5   12.5   127.5   -2.5
5.62   -17.5   -117.5   7.5   12.5   127.5   -2.5
5.63   -12.5   -122.5   7.5   7.5   127.5   -2.5
5.64   -12.5   -122.5   7.5   12.5   127.5   -2.5
5.65   -12.5   -122.5   7.5   7.5   127.5   -2.5
5.66   -12.5   -122.5   2.5   7.5   127.5   -2.5
5.67   -12.5   -122.5   2.5   7.5   127.5   -2.5
5.68   -12.5   -122.5   2.5   7.5   127.5   -2.5
5.69   -12.5   -122.5   2.5   7.5   127.5   -2.5
5.7   -12.5   -122.5   2.5   7.5   127.5   -2.5
5.71   -12.5   -122.5   2.5   2.5   127.5   -2.5
5.72   -12.5   -127.5   2.5   2.5   127.5   -2.5
5.73   -12.5   -127.5   2.5   2.5   127.5   -2.5
5.74   -12.5   -127.5   2.5   2.5   132.5   -2.5
5.75   -12.5   -127.5   2.5   2.5   132.5   -2.5
5.76   -7.5   -127.5   7.5   7.5   132.5   -2.5
5.77   -12.5   -127.5   2.5   2.5   127.5   -2.5
5.78   -12.5   -127.5   2.5   2.5   127.5   -2.5
5.79   -7.5   -127.5   2.5   2.5   127.5   -2.5
5.8   -7.5   -127.5   2.5   2.5   132.5   -2.5
5.81   -7.5   -127.5   2.5   -2.5   132.5   -2.5
5.82   -7.5   -132.5   2.5   2.5   132.5   -2.5
5.83   -7.5   -132.5   7.5   2.5   132.5   -2.5
5.84   -7.5   -132.5   7.5   2.5   132.5   -2.5
5.85   -7.5   -132.5   2.5   -2.5   132.5   -2.5
5.86   -7.5   -132.5   7.5   -2.5   132.5   -2.5
5.87   -7.5   -132.5   2.5   -2.5   132.5   -2.5
5.88   -2.5   -132.5   2.5   -2.5   132.5   -2.5
5.89   -2.5   -132.5   2.5   -2.5   137.5   -2.5
5.9   -2.5   -132.5   2.5   -2.5   137.5   -2.5
5.91   -2.5   -132.5   2.5   -7.5   137.5   -2.5
5.92   -2.5   -132.5   2.5   -7.5   137.5   -2.5
5.93   -2.5   -132.5   2.5   -2.5   137.5   -2.5
5.94   -2.5   -132.5   2.5   -7.5   137.5   -2.5
5.95   -2.5   -132.5   2.5   -7.5   137.5   -2.5
5.96   -2.5   -132.5   7.5   -7.5   137.5   -2.5
5.97   -2.5   -132.5   7.5   -7.5   137.5   -2.5
5.98   2.5   -132.5   7.5   -7.5   137.5   -2.5
5.99   2.5   -132.5   7.5   -12.5   137.5   -2.5
6.0   2.5   -132.5   7.5   -12.5   142.5   -2.5
6.01   2.5   -132.5   7.5   -12.5   142.5   2.5
6.02   2.5   -137.5   7.5   -7.5   142.5   -2.5
6.03   2.5   -137.5   7.5   -7.5   142.5   2.5
6.04   2.5   -137.5   7.5   -7.5   142.5   2.5
6.05   7.5   -137.5   2.5   -12.5   142.5   2.5
6.06   2.5   -137.5   2.5   -12.5   142.5   2.5
6.07   2.5   -137.5   2.5   -12.5   137.5   2.5
6.08   2.5   -137.5   7.5   -12.5   142.5   2.5
6.09   2.5   -137.5   7.5   -17.5   142.5   -2.5
6.1   7.5   -137.5   2.5   -17.5   142.5   2.5
6.11   7.5   -137.5   2.5   -17.5   142.5   -2.5
6.12   7.5   -137.5   2.5   -17.5   137.5   -2.5
6.13   7.5   -137.5   2.5   -17.5   137.5   -2.5
6.14   7.5   -137.5   2.5   -17.5   142.5   2.5
6.15   7.5   -137.5   2.5   -17.5   142.5   2.5
6.16   7.5   -137.5   2.5   -17.5   142.5   2.5
6.17   7.5   -137.5   2.5   -17.5   142.5   -2.5
6.18   12.5   -137.5   2.5   -17.5   142.5   -2.5
6.19   12.5   -137.5   2.5   -22.5   142.5   -2.5
6.2   12.5   -137.5   2.5   -22.5   142.5   -2.5
6.21   12.5   -142.5   2.5   -17.5   142.5   -2.5
6.22   12.5   -137.5   2.5   -17.5   142.5   2.5
6.23   12.5   -142.5   2.5   -17.5   142.5   -2.5
6.24   12.5   -137.5   2.5   -22.5   142.5   -2.5
6.25   12.5   -137.5   2.5   -22.5   142.5   -2.5
6.26   12.5   -142.5   2.5   -22.5   137.5   2.5
6.27   12.5   -142.5   2.5   -22.5   137.5   2.5
6.28   12.5   -142.5   2.5   -22.5   142.5   2.5
6.29   12.5   -142.5   2.5   -22.5   142.5   2.5
6.3   12.5   -142.5   2.5   -22.5   142.5   2.5
6.31   12.5   -142.5   2.5   -22.5   142.5   2.5
6.32   12.5   -142.5   2.5   -22.5   142.5   2.5
6.33   12.5   -142.5   2.5   -22.5   142.5   -2.5
6.34   17.5   -142.5   2.5   -22.5   147.5   -2.5
6.35   17.5   -137.5   2.5   -22.5   142.5   -2.5
6.36   17.5   -137.5   2.5   -22.5   142.5   -2.5
6.37   17.5   -142.5   2.5   -22.5   142.5   -2.5
6.38   17.5   -142.5   2.5   -22.5   142.5   -2.5
6.39   17.5   -142.5   2.5   -27.5   142.5   -2.5
6.4   17.5   -142.5   7.5   -27.5   142.5   2.5
6.41   17.5   -142.5   2.5   -27.5   142.5   2.5
6.42   17.5   -142.5   2.5   -27.5   147.5   2.5
6.43   17.5   -137.5   2.5   -27.5   142.5   2.5
6.44   17.5   -137.5   2.5   -32.5   142.5   2.5
6.45   17.5   -137.5   2.5   -32.5   147.5   2.5
6.46   17.5   -137.5   2.5   -32.5   147.5   -2.5
6.47   17.5   -142.5   2.5   -32.5   147.5   -2.5
6.48   22.5   -142.5   2.5   -32.5   147.5   2.5
6.49   22.5   -142.5   2.5   -32.5   147.5   2.5
6.5   22.5   -142.5   2.5   -32.5   147.5   -2.5
6.51   22.5   -142.5   2.5   -32.5   147.5   2.5
6.52   22.5   -142.5   2.5   -32.5   142.5   2.5
6.53   22.5   -142.5   2.5   -32.5   142.5   2.5
6.54   22.5   -142.5   2.5   -32.5   142.5   2.5
6.55   22.5   -142.5   2.5   -32.5   142.5   2.5
6.56   27.5   -142.5   2.5   -37.5   142.5   -2.5
6.57   27.5   -142.5   2.5   -32.5   142.5   2.5
6.58   27.5   -142.5   7.5   -37.5   142.5   2.5
6.59   27.5   -142.5   7.5   -32.5   142.5   2.5
6.6   27.5   -137.5   2.5   -32.5   142.5   2.5
6.61   27.5   -142.5   2.5   -37.5   142.5   -2.5
6.62   27.5   -142.5   2.5   -37.5   142.5   -2.5
6.63   27.5   -142.5   2.5   -37.5   142.5   -2.5
6.64   27.5   -142.5   2.5   -37.5   142.5   -2.5
6.65   32.5   -142.5   2.5   -37.5   147.5   -2.5
6.66   32.5   -142.5   2.5   -37.5   147.5   -2.5
6.67   32.5   -142.5   2.5   -37.5   147.5   -2.5
6.68   32.5   -142.5   2.5   -37.5   147.5   2.5
6.69   32.5   -142.5   2.5   -37.5   142.5   2.5
6.7   32.5   -142.5   2.5   -37.5   142.5   2.5
6.71   32.5   -137.5   2.5   -42.5   142.5   -2.5
6.72   32.5   -137.5   2.5   -42.5   142.5   -2.5
6.73   32.5   -137.5   2.5   -37.5   137.5   -2.5
6.74   32.5   -142.5   2.5   -37.5   142.5   -2.5
6.75   32.5   -137.5   2.5   -37.5   142.5   -2.5
6.76   32.5   -142.5   2.5   -42.5   142.5   -2.5
6.77   32.5   -142.5   2.5   -42.5   142.5   -2.5
6.78   32.5   -142.5   7.5   -42.5   142.5   -2.5
6.79   32.5   -142.5   2.5   -42.5   142.5   2.5
6.8   32.5   -142.5   2.5   -42.5   142.5   2.5
6.81   32.5   -142.5   2.5   -47.5   142.5   2.5
6.82   32.5   -137.5   2.5   -47.5   142.5   -2.5
6.83   32.5   -142.5   2.5   -47.5   142.5   -2.5
6.84   37.5   -142.5   2.5   -42.5   142.5   -2.5
6.85   37.5   -142.5   2.5   -47.5   142.5   -2.5
6.86   37.5   -142.5   2.5   -47.5   142.5   -2.5
6.87   37.5   -142.5   2.5   -47.5   142.5   -2.5
6.88   37.5   -137.5   2.5   -47.5   142.5   2.5
6.89   37.5   -137.5   2.5   -47.5   142.5   2.5
6.9   37.5   -142.5   2.5   -47.5   142.5   2.5
6.91   42.5   -137.5   2.5   -47.5   137.5   -2.5
6.92   42.5   -137.5   2.5   -47.5   142.5   -2.5
6.93   42.5   -137.5   2.5   -47.5   142.5   -2.5
6.94   42.5   -137.5   2.5   -47.5   142.5   -2.5
6.95   42.5   -137.5   2.5   -52.5   142.5   -2.5
6.96   42.5   -137.5   2.5   -52.5   142.5   -2.5
6.97   42.5   -137.5   2.5   -52.5   142.5   -2.5
6.98   42.5   -137.5   7.5   -52.5   142.5   -2.5
6.99   42.5   -137.5   7.5   -47.5   142.5   -2.5
7.0   42.5   -137.5   2.5   -47.5   142.5   -2.5
7.01   42.5   -137.5   7.5   -52.5   142.5   -2.5
7.02   42.5   -137.5   2.5   -52.5   142.5   -2.5
7.03   47.5   -137.5   2.5   -52.5   142.5   2.5
7.04   47.5   -137.5   2.5   -52.5   142.5   -2.5
7.05   42.5   -137.5   2.5   -52.5   142.5   -2.5
7.06   42.5   -137.5   2.5   -52.5   142.5   -2.5
7.07   42.5   -137.5   2.5   -52.5   142.5   -2.5
7.08   42.5   -137.5   2.5   -52.5   142.5   2.5
7.09   47.5   -137.5   2.5   -52.5   142.5   2.5
7.1   47.5   -137.5   2.5   -52.5   142.5   2.5
7.11   47.5   -137.5   7.5   -57.5   142.5   2.5
7.12   47.5   -137.5   7.5   -57.5   137.5   2.5
7.13   47.5   -137.5   7.5   -57.5   142.5   2.5
7.14   47.5   -137.5   2.5   -57.5   137.5   2.5
7.15   47.5   -137.5   2.5   -57.5   137.5   2.5
7.16   47.5   -137.5   2.5   -57.5   137.5   2.5
7.17   47.5   -137.5   2.5   -57.5   137.5   2.5
7.18   47.5   -137.5   2.5   -57.5   137.5   2.5
7.19   52.5   -137.5   2.5   -57.5   137.5   2.5
7.2   52.5   -137.5   2.5   -57.5   137.5   2.5
7.21   52.5   -137.5   2.5   -57.5   137.5   2.5
7.22   52.5   -137.5   2.5   -62.5   137.5   2.5
7.23   52.5   -132.5   2.5   -62.5   137.5   2.5
7.24   52.5   -132.5   2.5   -62.5   137.5   2.5
7.25   52.5   -132.5   7.5   -62.5   137.5   2.5
7.26   52.5   -132.5   7.5   -57.5   137.5   2.5
7.27   52.5   -132.5   7.5   -57.5   137.5   2.5
7.28   52.5   -137.5   2.5   -57.5   137.5   2.5
7.29   52.5   -132.5   2.5   -57.5   137.5   2.5
7.3   52.5   -132.5   7.5   -62.5   132.5   2.5
7.31   52.5   -132.5   7.5   -62.5   137.5   2.5
7.32   52.5   -132.5   7.5   -62.5   137.5   2.5
7.33   52.5   -132.5   2.5   -67.5   132.5   2.5
7.34   52.5   -132.5   2.5   -67.5   132.5   2.5
7.35   52.5   -132.5   2.5   -67.5   132.5   2.5
7.36   52.5   -132.5   7.5   -67.5   132.5   2.5
7.37   52.5   -132.5   7.5   -67.5   132.5   2.5
7.38   57.5   -132.5   2.5   -67.5   132.5   2.5
7.39   57.5   -132.5   2.5   -67.5   137.5   2.5
7.4   57.5   -132.5   7.5   -67.5   132.5   2.5
7.41   57.5   -132.5   2.5   -67.5   132.5   2.5
7.42   57.5   -132.5   2.5   -62.5   132.5   2.5
7.43   57.5   -132.5   7.5   -62.5   132.5   2.5
7.44   57.5   -132.5   2.5   -62.5   132.5   2.5
7.45   57.5   -132.5   7.5   -62.5   132.5   2.5
7.46   57.5   -132.5   2.5   -62.5   132.5   2.5
7.47   57.5   -132.5   7.5   -62.5   132.5   2.5
7.48   57.5   -132.5   2.5   -67.5   132.5   2.5
7.49   57.5   -127.5   2.5   -67.5   132.5   2.5
7.5   57.5   -127.5   2.5   -67.5   132.5   2.5
7.51   57.5   -127.5   7.5   -67.5   132.5   2.5
7.52   57.5   -127.5   7.5   -67.5   132.5   2.5
7.53   57.5   -127.5   7.5   -67.5   132.5   2.5
7.54   57.5   -127.5   2.5   -67.5   132.5   -2.5
7.55   57.5   -127.5   2.5   -67.5   132.5   -2.5
7.56   57.5   -127.5   2.5   -67.5   132.5   -2.5
7.57   62.5   -127.5   2.5   -67.5   132.5   -2.5
7.58   62.5   -127.5   2.5   -67.5   132.5   -2.5
7.59   62.5   -127.5   2.5   -67.5   132.5   2.5
7.6   62.5   -127.5   2.5   -67.5   127.5   2.5
7.61   62.5   -127.5   2.5   -67.5   127.5   -2.5
7.62   62.5   -127.5   2.5   -67.5   127.5   -2.5
7.63   62.5   -127.5   2.5   -72.5   127.5   -2.5
7.64   62.5   -122.5   2.5   -72.5   127.5   2.5
7.65   62.5   -122.5   2.5   -67.5   127.5   -2.5
7.66   62.5   -122.5   2.5   -67.5   127.5   2.5
7.67   62.5   -122.5   2.5   -67.5   127.5   -2.5
7.68   62.5   -127.5   2.5   -72.5   127.5   -2.5
7.69   67.5   -122.5   2.5   -72.5   127.5   2.5
7.7   67.5   -122.5   2.5   -72.5   122.5   -2.5
7.71   67.5   -122.5   2.5   -72.5   122.5   -2.5
7.72   67.5   -122.5   2.5   -72.5   122.5   -2.5
7.73   67.5   -122.5   2.5   -72.5   122.5   -2.5
7.74   67.5   -122.5   2.5   -72.5   122.5   -2.5
7.75   67.5   -122.5   2.5   -72.5   122.5   -2.5
7.76   67.5   -122.5   2.5   -77.5   122.5   -2.5
7.77   67.5   -122.5   2.5   -77.5   122.5   -2.5
7.78   67.5   -122.5   2.5   -77.5   122.5   -2.5
7.79   67.5   -122.5   2.5   -77.5   122.5   -2.5
7.8   67.5   -122.5   2.5   -77.5   122.5   -2.5
7.81   67.5   -117.5   2.5   -77.5   122.5   -2.5
7.82   67.5   -117.5   2.5   -72.5   122.5   2.5
7.83   67.5   -117.5   2.5   -72.5   122.5   -2.5
7.84   67.5   -117.5   2.5   -72.5   122.5   -2.5
7.85   67.5   -117.5   2.5   -72.5   122.5   -2.5
7.86   67.5   -117.5   2.5   -77.5   122.5   2.5
7.87   72.5   -117.5   2.5   -77.5   117.5   -2.5
7.88   72.5   -117.5   2.5   -77.5   117.5   -2.5
7.89   72.5   -117.5   2.5   -77.5   117.5   -2.5
7.9   72.5   -117.5   2.5   -77.5   117.5   -2.5
7.91   72.5   -117.5   2.5   -77.5   117.5   -2.5
7.92   72.5   -117.5   2.5   -77.5   117.5   -2.5
7.93   72.5   -117.5   2.5   -77.5   117.5   -2.5
7.94   72.5   -117.5   2.5   -82.5   117.5   -2.5
7.95   67.5   -117.5   2.5   -82.5   117.5   -2.5
7.96   72.5   -117.5   2.5   -82.5   117.5   -2.5
7.97   72.5   -117.5   2.5   -82.5   117.5   -2.5
7.98   72.5   -112.5   2.5   -82.5   117.5   2.5
7.99   67.5   -112.5   2.5   -82.5   117.5   -2.5
8.0   72.5   -112.5   2.5   -77.5   117.5   -2.5
8.01   72.5   -112.5   2.5   -82.5   117.5   -2.5
8.02   72.5   -112.5   2.5   -77.5   112.5   -2.5
8.03   72.5   -112.5   2.5   -77.5   117.5   -2.5
8.04   72.5   -112.5   2.5   -77.5   112.5   -2.5
8.05   72.5   -112.5   2.5   -82.5   112.5   2.5
8.06   72.5   -112.5   2.5   -77.5   112.5   2.5
8.07   72.5   -107.5   2.5   -77.5   112.5   2.5
8.08   72.5   -107.5   2.5   -77.5   112.5   2.5
8.09   72.5   -107.5   2.5   -82.5   112.5   2.5
8.1   72.5   -107.5   2.5   -82.5   112.5   2.5
8.11   72.5   -107.5   2.5   -82.5   112.5   2.5
8.12   72.5   -107.5   2.5   -82.5   112.5   2.5
8.13   72.5   -107.5   2.5   -77.5   112.5   2.5
8.14   72.5   -107.5   -2.5   -82.5   107.5   2.5
8.15   72.5   -107.5   2.5   -77.5   107.5   2.5
8.16   77.5   -102.5   2.5   -77.5   107.5   2.5
8.17   72.5   -102.5   2.5   -77.5   107.5   2.5
8.18   72.5   -102.5   2.5   -77.5   107.5   2.5
8.19   72.5   -102.5   2.5   -77.5   107.5   2.5
8.2   72.5   -102.5   2.5   -82.5   107.5   2.5
8.21   72.5   -102.5   2.5   -82.5   102.5   2.5
8.22   72.5   -102.5   2.5   -82.5   102.5   2.5
8.23   72.5   -102.5   2.5   -82.5   107.5   -2.5
8.24   72.5   -102.5   2.5   -82.5   107.5   -2.5
8.25   72.5   -102.5   2.5   -82.5   107.5   2.5
8.26   72.5   -97.5   2.5   -82.5   102.5   2.5
8.27   72.5   -97.5   2.5   -82.5   102.5   -2.5
8.28   72.5   -97.5   2.5   -82.5   102.5   -2.5
8.29   72.5   -97.5   2.5   -82.5   102.5   -2.5
8.3   72.5   -97.5   2.5   -82.5   102.5   -2.5
8.31   77.5   -97.5   2.5   -82.5   97.5   -2.5
8.32   72.5   -97.5   2.5   -82.5   97.5   -2.5
8.33   72.5   -92.5   2.5   -82.5   97.5   -2.5
8.34   72.5   -92.5   2.5   -82.5   97.5   -2.5
8.35   72.5   -92.5   2.5   -87.5   97.5   2.5
8.36   72.5   -92.5   2.5   -82.5   97.5   2.5
8.37   72.5   -92.5   2.5   -82.5   97.5   -2.5
8.38   72.5   -92.5   2.5   -82.5   97.5   2.5
8.39   72.5   -92.5   2.5   -82.5   92.5   2.5
8.4   77.5   -92.5   2.5   -82.5   92.5   2.5
8.41   77.5   -92.5   2.5   -82.5   92.5   -2.5
8.42   77.5   -92.5   2.5   -82.5   92.5   -2.5
8.43   72.5   -92.5   2.5   -82.5   92.5   -2.5
8.44   77.5   -87.5   2.5   -82.5   92.5   -2.5
8.45   77.5   -87.5   2.5   -82.5   92.5   -2.5
8.46   77.5   -87.5   2.5   -82.5   92.5   -2.5
8.47   77.5   -87.5   2.5   -82.5   92.5   -2.5
8.48   77.5   -87.5   2.5   -82.5   87.5   -2.5
8.49   77.5   -87.5   2.5   -82.5   87.5   2.5
8.5   72.5   -87.5   2.5   -82.5   87.5   2.5
8.51   72.5   -87.5   2.5   -82.5   82.5   2.5
8.52   77.5   -82.5   2.5   -82.5   82.5   2.5
8.53   77.5   -82.5   2.5   -82.5   82.5   2.5
8.54   77.5   -82.5   2.5   -82.5   82.5   2.5
8.55   72.5   -82.5   2.5   -82.5   82.5   2.5
8.56   72.5   -82.5   2.5   -82.5   82.5   2.5
8.57   72.5   -82.5   2.5   -82.5   82.5   2.5
8.58   77.5   -82.5   2.5   -82.5   82.5   2.5
8.59   77.5   -82.5   2.5   -82.5   82.5   2.5
8.6   77.5   -77.5   2.5   -82.5   82.5   2.5
8.61   77.5   -77.5   2.5   -82.5   82.5   2.5
8.62   77.5   -77.5   2.5   -82.5   82.5   2.5
8.63   77.5   -77.5   2.5   -82.5   77.5   2.5
8.64   77.5   -77.5   2.5   -82.5   77.5   2.5
8.65   77.5   -77.5   2.5   -82.5   77.5   2.5
8.66   77.5   -77.5   2.5   -82.5   77.5   2.5
8.67   77.5   -77.5   2.5   -82.5   77.5   2.5
8.68   77.5   -72.5   2.5   -82.5   77.5   2.5
8.69   77.5   -72.5   2.5   -82.5   77.5   2.5
8.7   77.5   -72.5   2.5   -82.5   72.5   2.5
8.71   77.5   -72.5   2.5   -82.5   72.5   2.5
8.72   77.5   -72.5   2.5   -82.5   72.5   2.5
8.73   77.5   -72.5   2.5   -82.5   72.5   2.5
8.74   77.5   -72.5   2.5   -82.5   72.5   2.5
8.75   77.5   -67.5   2.5   -82.5   72.5   2.5
8.76   77.5   -67.5   2.5   -82.5   72.5   2.5
8.77   77.5   -67.5   2.5   -82.5   67.5   2.5
8.78   72.5   -67.5   2.5   -82.5   67.5   2.5
8.79   72.5   -67.5   2.5   -82.5   67.5   2.5
8.8   72.5   -67.5   2.5   -82.5   67.5   2.5
8.81   72.5   -67.5   2.5   -82.5   67.5   2.5
8.82   72.5   -62.5   2.5   -82.5   62.5   7.5
8.83   72.5   -62.5   2.5   -82.5   62.5   7.5
8.84   72.5   -62.5   2.5   -82.5   62.5   2.5
8.85   72.5   -62.5   2.5   -82.5   62.5   2.5
8.86   72.5   -57.5   2.5   -82.5   62.5   2.5
8.87   72.5   -57.5   2.5   -82.5   57.5   2.5
8.88   72.5   -57.5   2.5   -82.5   57.5   2.5
8.89   72.5   -57.5   2.5   -82.5   57.5   7.5
8.9   72.5   -57.5   2.5   -82.5   57.5   2.5
8.91   72.5   -57.5   2.5   -77.5   57.5   7.5
8.92   72.5   -57.5   2.5   -77.5   57.5   7.5
8.93   72.5   -52.5   2.5   -77.5   57.5   7.5
8.94   72.5   -52.5   2.5   -77.5   52.5   2.5
8.95   72.5   -52.5   2.5   -77.5   52.5   7.5
8.96   72.5   -52.5   2.5   -77.5   52.5   2.5
8.97   72.5   -52.5   2.5   -77.5   52.5   2.5
8.98   72.5   -47.5   2.5   -77.5   52.5   2.5
8.99   72.5   -47.5   2.5   -77.5   52.5   2.5
9.0   72.5   -52.5   2.5   -72.5   52.5   7.5
9.01   67.5   -47.5   2.5   -72.5   47.5   7.5
9.02   67.5   -47.5   2.5   -72.5   47.5   2.5
9.03   72.5   -47.5   2.5   -77.5   47.5   7.5
9.04   67.5   -42.5   2.5   -72.5   47.5   7.5
9.05   67.5   -42.5   2.5   -72.5   47.5   7.5
9.06   67.5   -42.5   2.5   -72.5   47.5   7.5
9.07   67.5   -42.5   2.5   -72.5   47.5   7.5
9.08   67.5   -42.5   2.5   -72.5   42.5   7.5
9.09   67.5   -37.5   2.5   -72.5   42.5   2.5
9.1   67.5   -37.5   2.5   -72.5   42.5   2.5
9.11   62.5   -37.5   2.5   -72.5   42.5   2.5
9.12   67.5   -37.5   2.5   -72.5   42.5   2.5
9.13   62.5   -37.5   2.5   -72.5   42.5   2.5
9.14   62.5   -37.5   2.5   -72.5   37.5   2.5
9.15   62.5   -37.5   2.5   -72.5   37.5   2.5
9.16   62.5   -32.5   2.5   -72.5   37.5   2.5
9.17   62.5   -32.5   2.5   -72.5   37.5   2.5
9.18   62.5   -32.5   2.5   -72.5   37.5   2.5
9.19   62.5   -32.5   2.5   -67.5   37.5   2.5
9.2   62.5   -27.5   2.5   -67.5   37.5   2.5
9.21   62.5   -32.5   2.5   -67.5   32.5   7.5
9.22   62.5   -27.5   2.5   -67.5   32.5   7.5
9.23   62.5   -27.5   2.5   -67.5   32.5   7.5
9.24   57.5   -27.5   2.5   -67.5   27.5   7.5
9.25   57.5   -27.5   2.5   -67.5   27.5   7.5
9.26   57.5   -22.5   2.5   -67.5   27.5   2.5
9.27   57.5   -22.5   2.5   -67.5   27.5   2.5
9.28   57.5   -22.5   2.5   -67.5   22.5   2.5
9.29   57.5   -22.5   2.5   -62.5   22.5   7.5
9.3   57.5   -22.5   2.5   -62.5   27.5   7.5
9.31   57.5   -17.5   2.5   -62.5   22.5   7.5
9.32   57.5   -22.5   2.5   -62.5   22.5   7.5
9.33   52.5   -17.5   2.5   -62.5   22.5   7.5
9.34   52.5   -17.5   2.5   -62.5   17.5   7.5
9.35   52.5   -17.5   2.5   -57.5   17.5   7.5
9.36   52.5   -12.5   2.5   -57.5   17.5   7.5
9.37   47.5   -12.5   2.5   -57.5   17.5   7.5
9.38   47.5   -12.5   2.5   -57.5   17.5   7.5
9.39   47.5   -12.5   2.5   -57.5   12.5   7.5
9.4   47.5   -12.5   2.5   -57.5   12.5   7.5
9.41   42.5   -12.5   2.5   -57.5   12.5   7.5
9.42   42.5   -7.5   2.5   -52.5   12.5   7.5
9.43   42.5   -7.5   2.5   -52.5   7.5   7.5
9.44   42.5   -7.5   2.5   -52.5   12.5   7.5
9.45   42.5   -7.5   2.5   -52.5   7.5   7.5
9.46   42.5   -2.5   2.5   -52.5   7.5   7.5
9.47   37.5   -2.5   2.5   -47.5   7.5   7.5
9.48   37.5   -2.5   2.5   -47.5   7.5   7.5
9.49   37.5   -2.5   2.5   -47.5   7.5   7.5
9.5   37.5   -2.5   2.5   -47.5   7.5   7.5
9.51   37.5   -2.5   2.5   -47.5   2.5   7.5
9.52   37.5   -2.5   2.5   -42.5   2.5   7.5
9.53   32.5   2.5   -2.5   -42.5   2.5   7.5
9.54   37.5   2.5   2.5   -37.5   -2.5   7.5
9.55   32.5   2.5   2.5   -37.5   -2.5   7.5
9.56   27.5   7.5   2.5   -37.5   -2.5   2.5
9.57   27.5   7.5   2.5   -32.5   -2.5   2.5
9.58   27.5   7.5   2.5   -32.5   -2.5   7.5
9.59   27.5   7.5   2.5   -32.5   -2.5   7.5
9.6   27.5   7.5   2.5   -32.5   -7.5   7.5
9.61   22.5   7.5   2.5   -27.5   -7.5   7.5
9.62   22.5   7.5   2.5   -27.5   -7.5   2.5
9.63   22.5   12.5   2.5   -27.5   -12.5   7.5
9.64   17.5   12.5   2.5   -27.5   -12.5   7.5
9.65   17.5   12.5   2.5   -22.5   -7.5   7.5
9.66   17.5   12.5   2.5   -22.5   -7.5   7.5
9.67   12.5   12.5   2.5   -17.5   -12.5   7.5
9.68   12.5   12.5   2.5   -17.5   -12.5   7.5
9.69   7.5   12.5   2.5   -12.5   -12.5   7.5
9.7   7.5   12.5   2.5   -12.5   -12.5   2.5
9.71   2.5   17.5   2.5   -12.5   -12.5   2.5
9.72   2.5   17.5   2.5   -7.5   -12.5   2.5
9.73   2.5   12.5   2.5   -2.5   -12.5   2.5
9.74   -2.5   17.5   2.5   -2.5   -17.5   2.5
9.75   -2.5   17.5   2.5   2.5   -17.5   2.5
9.76   -2.5   17.5   2.5   2.5   -17.5   2.5
9.77   -7.5   12.5   2.5   7.5   -17.5   2.5
9.78   -12.5   12.5   2.5   7.5   -12.5   2.5
9.79   -12.5   12.5   2.5   12.5   -12.5   2.5
9.8   -12.5   12.5   2.5   12.5   -17.5   2.5
9.81   -12.5   12.5   2.5   17.5   -12.5   2.5
9.82   -17.5   12.5   2.5   17.5   -12.5   2.5
9.83   -17.5   12.5   2.5   17.5   -12.5   2.5
9.84   -22.5   7.5   2.5   17.5   -12.5   2.5
9.85   -22.5   7.5   2.5   22.5   -12.5   2.5
9.86   -22.5   7.5   2.5   22.5   -12.5   2.5
9.87   -22.5   7.5   2.5   27.5   -7.5   2.5
9.88   -22.5   7.5   2.5   27.5   -7.5   2.5
9.89   -27.5   7.5   2.5   27.5   -7.5   2.5
9.9   -27.5   7.5   2.5   27.5   -2.5   2.5
9.91   -27.5   2.5   2.5   27.5   -2.5   2.5
9.92   -27.5   2.5   7.5   27.5   -2.5   2.5
9.93   -32.5   2.5   7.5   27.5   -2.5   2.5
9.94   -32.5   2.5   7.5   32.5   -2.5   2.5
9.95   -32.5   -2.5   7.5   32.5   -2.5   2.5
9.96   -32.5   -2.5   7.5   32.5   2.5   2.5
9.97   -32.5   -2.5   7.5   37.5   -2.5   2.5
9.98   -32.5   -2.5   7.5   32.5   -2.5   2.5
9.99   -37.5   -7.5   7.5   37.5   -2.5   2.5
10.0   -37.5   -2.5   7.5   37.5   2.5   2.5
10.01   -37.5   -2.5   7.5   37.5   2.5   2.5
10.02   -37.5   -7.5   7.5   37.5   2.5   2.5
10.03   -37.5   -7.5   7.5   37.5   7.5   2.5
10.04   -37.5   -7.5   7.5   37.5   7.5   2.5
10.05   -37.5   -7.5   7.5   37.5   7.5   2.5
10.06   -37.5   -7.5   7.5   37.5   7.5   2.5
10.07   -37.5   -7.5   7.5   37.5   7.5   2.5
10.08   -37.5   -7.5   7.5   37.5   12.5   7.5
10.09   -37.5   -7.5   7.5   37.5   2.5   2.5
10.1   -37.5   -7.5   7.5   42.5   2.5   2.5
10.11   -42.5   -12.5   7.5   42.5   2.5   7.5
10.12   -42.5   -12.5   7.5   42.5   12.5   2.5
10.13   -37.5   -12.5   7.5   42.5   12.5   2.5
10.14   -42.5   -12.5   7.5   42.5   12.5   2.5
10.15   -37.5   -12.5   7.5   37.5   12.5   2.5
10.16   -37.5   -12.5   7.5   37.5   12.5   2.5
10.17   -37.5   -12.5   7.5   37.5   12.5   2.5
10.18   -42.5   -7.5   7.5   37.5   12.5   2.5
10.19   -42.5   -12.5   7.5   37.5   12.5   2.5
10.2   -37.5   -12.5   7.5   37.5   12.5   2.5
10.21   -42.5   -12.5   7.5   37.5   12.5   2.5
10.22   -37.5   -12.5   7.5   32.5   12.5   2.5
10.23   -42.5   -12.5   7.5   32.5   12.5   2.5
10.24   -37.5   -12.5   7.5   32.5   12.5   2.5
10.25   -37.5   -12.5   7.5   32.5   12.5   2.5
10.26   -37.5   -12.5   7.5   32.5   12.5   -2.5
10.27   -37.5   -12.5   7.5   32.5   17.5   -2.5
10.28   -37.5   -12.5   7.5   32.5   17.5   2.5
10.29   -32.5   -12.5   7.5   32.5   17.5   2.5
10.3   -32.5   -12.5   7.5   32.5   17.5   2.5
10.31   -32.5   -12.5   7.5   32.5   17.5   7.5
10.32   -32.5   -12.5   7.5   27.5   12.5   7.5
10.33   -32.5   -12.5   7.5   27.5   12.5   2.5
10.34   -32.5   -12.5   7.5   27.5   12.5   2.5
10.35   -27.5   -12.5   7.5   27.5   12.5   2.5
10.36   -27.5   -12.5   7.5   27.5   12.5   2.5
10.37   -27.5   -12.5   7.5   27.5   12.5   2.5
10.38   -27.5   -12.5   2.5   27.5   17.5   2.5
10.39   -27.5   -12.5   2.5   22.5   12.5   2.5
10.4   -27.5   -12.5   7.5   17.5   12.5   2.5
10.41   -27.5   -12.5   7.5   22.5   12.5   2.5
10.42   -22.5   -12.5   7.5   17.5   12.5   2.5
10.43   -22.5   -12.5   7.5   17.5   12.5   2.5
10.44   -22.5   -12.5   7.5   17.5   12.5   2.5
10.45   -22.5   -12.5   7.5   17.5   12.5   2.5
10.46   -22.5   -12.5   7.5   17.5   12.5   2.5
10.47   -22.5   -12.5   2.5   12.5   17.5   2.5
10.48   -22.5   -12.5   7.5   12.5   12.5   2.5
10.49   -22.5   -12.5   2.5   12.5   12.5   2.5
10.5   -22.5   -12.5   2.5   12.5   12.5   2.5
10.51   -22.5   -12.5   2.5   12.5   7.5   2.5
10.52   -22.5   -12.5   2.5   7.5   12.5   2.5
10.53   -17.5   -12.5   2.5   7.5   7.5   2.5
10.54   -17.5   -12.5   2.5   2.5   7.5   2.5
10.55   -12.5   -12.5   2.5   2.5   7.5   2.5
10.56   -17.5   -12.5   2.5   2.5   7.5   7.5
10.57   -17.5   -12.5   2.5   -2.5   2.5   2.5
10.58   -12.5   -12.5   2.5   -2.5   7.5   2.5
10.59   -12.5   -12.5   2.5   -2.5   2.5   7.5
10.6   -12.5   -7.5   2.5   -7.5   2.5   7.5
10.61   -7.5   -7.5   2.5   -7.5   2.5   2.5
10.62   -7.5   -2.5   2.5   -12.5   2.5   2.5
10.63   -7.5   -2.5   2.5   -12.5   -2.5   2.5
10.64   -7.5   -2.5   2.5   -12.5   -2.5   2.5
10.65   -2.5   -2.5   2.5   -17.5   -7.5   7.5
10.66   -2.5   -2.5   2.5   -17.5   -7.5   2.5
10.67   -2.5   -2.5   2.5   -17.5   -7.5   2.5
10.68   -2.5   2.5   2.5   -17.5   -7.5   2.5
10.69   -2.5   2.5   2.5   -17.5   -12.5   2.5
10.7   -2.5   2.5   2.5   -17.5   -12.5   7.5
10.71   -2.5   2.5   2.5   -17.5   -12.5   7.5
10.72   2.5   2.5   2.5   -17.5   -17.5   2.5
10.73   2.5   2.5   2.5   -17.5   -17.5   2.5
10.74   2.5   2.5   7.5   -22.5   -17.5   2.5
10.75   2.5   2.5   2.5   -22.5   -17.5   2.5
10.76   -2.5   2.5   2.5   -22.5   -12.5   2.5
10.77   -2.5   7.5   2.5   -17.5   -12.5   2.5
10.78   -2.5   7.5   2.5   -17.5   -17.5   2.5
10.79   2.5   7.5   7.5   -17.5   -17.5   2.5
10.8   2.5   7.5   7.5   -17.5   -17.5   2.5
10.81   -2.5   2.5   2.5   -17.5   -12.5   2.5
10.82   -2.5   7.5   2.5   -17.5   -12.5   2.5
10.83   -2.5   7.5   2.5   -17.5   -12.5   2.5
10.84   -2.5   7.5   2.5   -17.5   -12.5   2.5
10.85   -2.5   2.5   2.5   -12.5   -12.5   2.5
10.86   -2.5   7.5   2.5   -12.5   -17.5   2.5
10.87   -2.5   2.5   2.5   -12.5   -12.5   7.5
10.88   -2.5   2.5   2.5   -12.5   -17.5   2.5
10.89   -7.5   -2.5   2.5   -12.5   -17.5   2.5
10.9   -7.5   -2.5   2.5   -7.5   -7.5   2.5
10.91   -7.5   -2.5   2.5   -7.5   -7.5   2.5
10.92   -7.5   -2.5   2.5   -7.5   -2.5   2.5
10.93   -7.5   -2.5   2.5   -2.5   -2.5   2.5
10.94   -7.5   -2.5   2.5   -2.5   2.5   2.5
10.95   -7.5   -2.5   2.5   -2.5   2.5   2.5
10.96   -7.5   -2.5   2.5   -2.5   2.5   2.5
10.97   -7.5   -2.5   2.5   -2.5   7.5   2.5
10.98   -7.5   -2.5   2.5   -2.5   7.5   2.5
10.99   -7.5   -2.5   2.5   -2.5   7.5   2.5
11.0   -12.5   -7.5   2.5   -2.5   7.5   2.5
11.01   -7.5   -7.5   2.5   -2.5   7.5   2.5
11.02   -7.5   -7.5   2.5   -2.5   7.5   2.5
11.03   -7.5   -7.5   2.5   -2.5   7.5   2.5
11.04   -7.5   -7.5   2.5   -2.5   7.5   2.5
11.05   -7.5   -7.5   2.5   -2.5   12.5   2.5
11.06   -7.5   -7.5   2.5   -2.5   2.5   2.5
11.07   -7.5   -7.5   2.5   -2.5   2.5   2.5
11.08   -7.5   -2.5   2.5   -2.5   2.5   2.5
11.09   -7.5   -2.5   2.5   -2.5   2.5   2.5
11.1   -7.5   -2.5   2.5   -2.5   17.5   2.5
11.11   -7.5   -2.5   2.5   -7.5   17.5   2.5
11.12   -7.5   -7.5   2.5   -7.5   17.5   2.5
11.13   -7.5   -2.5   2.5   -7.5   17.5   2.5
11.14   -2.5   -2.5   2.5   -7.5   17.5   7.5
11.15   -2.5   -2.5   2.5   -7.5   -7.5   7.5
11.16   -2.5   -2.5   2.5   -7.5   -7.5   7.5
11.17   -2.5   -2.5   2.5   -7.5   -7.5   7.5
11.18   -7.5   -2.5   2.5   -2.5   -7.5   7.5
11.19   -2.5   2.5   2.5   -7.5   -12.5   7.5
11.2   -2.5   2.5   2.5   -7.5   -12.5   2.5
11.21   -2.5   2.5   2.5   -7.5   -12.5   2.5
11.22   -7.5   2.5   2.5   -7.5   -7.5   2.5
11.23   -2.5   2.5   2.5   -7.5   -7.5   7.5
11.24   -7.5   2.5   2.5   -7.5   -7.5   2.5
11.25   -7.5   -2.5   2.5   -7.5   -12.5   2.5
11.26   -7.5   2.5   2.5   -7.5   -12.5   2.5
11.27   -2.5   2.5   2.5   -7.5   -12.5   2.5
11.28   -7.5   2.5   2.5   -7.5   -7.5   2.5
11.29   -7.5   2.5   2.5   -2.5   -12.5   2.5
11.3   -7.5   2.5   2.5   -2.5   7.5   2.5
11.31   -7.5   -2.5   2.5   -2.5   7.5   2.5
11.32   -7.5   -2.5   2.5   -2.5   -17.5   2.5
11.33   -7.5   -2.5   2.5   -2.5   -17.5   2.5
11.34   -2.5   -2.5   2.5   -2.5   -7.5   2.5
11.35   -2.5   -2.5   2.5   -2.5   -7.5   2.5
11.36   -2.5   -2.5   2.5   -7.5   -7.5   2.5
11.37   -2.5   -2.5   2.5   -2.5   2.5   2.5
11.38   -2.5   -2.5   2.5   -2.5   -2.5   2.5
11.39   -2.5   -2.5   2.5   -2.5   -2.5   2.5
11.4   -2.5   -2.5   2.5   -2.5   -2.5   2.5
11.41   -7.5   -2.5   2.5   -2.5   7.5   2.5
11.42   -7.5   -2.5   7.5   -2.5   7.5   2.5
11.43   -7.5   -2.5   7.5   -2.5   7.5   2.5
11.44   -7.5   -2.5   7.5   -2.5   7.5   2.5
11.45   -2.5   -2.5   7.5   -2.5   7.5   2.5
11.46   -2.5   -2.5   7.5   -7.5   7.5   2.5
11.47   -2.5   -2.5   2.5   -2.5   7.5   2.5
11.48   -2.5   -2.5   2.5   -7.5   -7.5   2.5
11.49   -2.5   -2.5   2.5   -7.5   -7.5   2.5
11.5   -7.5   2.5   2.5   -7.5   -2.5   2.5
11.51   -7.5   -2.5   2.5   -7.5   12.5   2.5
11.52   -7.5   -2.5   2.5   -7.5   -7.5   2.5
11.53   -2.5   -2.5   2.5   -7.5   12.5   2.5
11.54   -2.5   -2.5   2.5   -7.5   -7.5   2.5
11.55   -2.5   -2.5   2.5   -2.5   -7.5   2.5
11.56   -2.5   -2.5   2.5   -2.5   7.5   2.5
11.57   -2.5   -2.5   2.5   -2.5   7.5   2.5
11.58   -2.5   -2.5   2.5   -7.5   7.5   2.5
11.59   -2.5   -2.5   2.5   -7.5   -12.5   2.5
11.6   -2.5   -2.5   2.5   -2.5   2.5   2.5
11.61   -2.5   -2.5   2.5   -2.5   2.5   2.5
11.62   -2.5   -2.5   2.5   -2.5   7.5   2.5
11.63   -2.5   -2.5   2.5   -7.5   7.5   2.5
11.64   -2.5   -2.5   2.5   -2.5   -2.5   2.5
11.65   -2.5   2.5   2.5   -2.5   2.5   2.5
11.66   -2.5   -2.5   2.5   -2.5   2.5   2.5
11.67   -2.5   -2.5   2.5   -2.5   7.5   2.5
11.68   -2.5   -2.5   2.5   -2.5   2.5   2.5
11.69   -2.5   -2.5   2.5   -2.5   12.5   2.5
11.7   -2.5   2.5   2.5   -2.5   12.5   2.5
11.71   -2.5   -2.5   7.5   -2.5   -12.5   2.5
11.72   -2.5   -2.5   7.5   -2.5   2.5   -2.5
11.73   -2.5   -2.5   2.5   -2.5   2.5   2.5
11.74   -2.5   -2.5   2.5   -2.5   2.5   2.5
11.75   -2.5   -2.5   2.5   -2.5   2.5   2.5
11.76   -2.5   -2.5   2.5   -2.5   2.5   2.5
11.77   -2.5   -2.5   2.5   -2.5   -12.5   2.5
11.78   -2.5   -2.5   2.5   -2.5   -2.5   2.5
11.79   -2.5   -2.5   2.5   -2.5   -12.5   2.5
11.8   -2.5   -2.5   2.5   -2.5   -7.5   2.5
11.81   -2.5   -2.5   2.5   -2.5   -7.5   2.5
11.82   -2.5   -2.5   2.5   -2.5   -7.5   2.5
11.83   -2.5   -2.5   2.5   -2.5   -2.5   2.5
11.84   -2.5   2.5   2.5   -2.5   -2.5   2.5
11.85   -2.5   -2.5   2.5   -2.5   -2.5   2.5
11.86   -2.5   -2.5   2.5   -2.5   -7.5   2.5
11.87   -2.5   -2.5   2.5   -2.5   -7.5   2.5
11.88   -2.5   -2.5   2.5   -2.5   -7.5   2.5
11.89   -2.5   -2.5   2.5   -2.5   -7.5   2.5
11.9   -2.5   -2.5   2.5   -2.5   -7.5   2.5
11.91   -2.5   -2.5   2.5   -2.5   -12.5   7.5
11.92   -2.5   -2.5   2.5   -2.5   -12.5   7.5
11.93   -2.5   -2.5   2.5   -2.5   -7.5   7.5
11.94   -2.5   -2.5   2.5   -2.5   -12.5   2.5
11.95   -2.5   -2.5   2.5   -2.5   -2.5   2.5
11.96   -2.5   -2.5   2.5   -2.5   -12.5   2.5
11.97   -2.5   -2.5   2.5   -2.5   -12.5   7.5
11.98   -2.5   -2.5   2.5   -2.5   -7.5   2.5
11.99   -2.5   -2.5   2.5   -2.5   -7.5   2.5
12.0   -2.5   -2.5   2.5   -2.5   -2.5   2.5
12.01   -2.5   -2.5   2.5   -2.5   -2.5   2.5
12.02   -2.5   -2.5   2.5   -2.5   -2.5   2.5
12.03   -2.5   -2.5   2.5   -2.5   -2.5   2.5
12.04   -2.5   2.5   2.5   -2.5   7.5   2.5
12.05   -2.5   2.5   2.5   -7.5   2.5   2.5
12.06   -2.5   2.5   2.5   -7.5   2.5   2.5
12.07   -2.5   2.5   2.5   -7.5   -2.5   2.5
12.08   -2.5   2.5   2.5   -7.5   2.5   2.5
12.09   -2.5   -2.5   2.5   -2.5   -2.5   2.5
12.1   -2.5   -2.5   2.5   -7.5   -2.5   2.5
12.11   -2.5   -2.5   2.5   -7.5   2.5   2.5
12.12   -2.5   -2.5   2.5   -2.5   2.5   2.5
12.13   -2.5   2.5   2.5   -2.5   2.5   2.5
12.14   -2.5   2.5   2.5   -2.5   -2.5   2.5
12.15   -2.5   2.5   2.5   -2.5   -2.5   2.5
12.16   -2.5   2.5   2.5   -2.5   -7.5   2.5
12.17   -2.5   2.5   2.5   -2.5   -7.5   2.5
12.18   -2.5   2.5   2.5   -7.5   -7.5   2.5
12.19   -2.5   2.5   2.5   -7.5   -7.5   2.5
12.2   -2.5   2.5   2.5   -2.5   -2.5   2.5
12.21   -2.5   2.5   2.5   -2.5   2.5   2.5
12.22   -2.5   2.5   2.5   -2.5   2.5   2.5
12.23   -2.5   2.5   2.5   -2.5   2.5   2.5
12.24   -2.5   2.5   2.5   -2.5   2.5   2.5
12.25   -2.5   2.5   2.5   -2.5   7.5   2.5
12.26   -2.5   2.5   2.5   -2.5   7.5   2.5
12.27   -2.5   2.5   2.5   -2.5   2.5   2.5
12.28   -2.5   2.5   2.5   -2.5   2.5   2.5
12.29   -2.5   2.5   2.5   -2.5   2.5   2.5
12.3   -2.5   2.5   2.5   -2.5   7.5   2.5
12.31   -2.5   2.5   2.5   -2.5   -2.5   2.5
12.32   -2.5   2.5   2.5   -2.5   -2.5   2.5
12.33   -2.5   2.5   2.5   -2.5   -2.5   2.5
12.34   -2.5   2.5   2.5   2.5   -2.5   2.5
12.35   -2.5   2.5   2.5   2.5   2.5   2.5
12.36   -2.5   2.5   2.5   7.5   7.5   2.5
12.37   -2.5   2.5   2.5   7.5   7.5   2.5
12.38   -2.5   2.5   2.5   7.5   2.5   2.5
12.39   -2.5   2.5   2.5   -7.5   2.5   2.5
12.4   -2.5   2.5   2.5   2.5   12.5   2.5
12.41   -2.5   2.5   2.5   -2.5   2.5   2.5
12.42   -2.5   2.5   2.5   -2.5   2.5   2.5
12.43   -2.5   2.5   2.5   -2.5   2.5   2.5
12.44   -2.5   2.5   2.5   2.5   2.5   2.5
12.45   -2.5   2.5   2.5   2.5   2.5   2.5
12.46   -2.5   2.5   2.5   2.5   2.5   2.5
12.47   -2.5   2.5   2.5   -2.5   2.5   2.5
12.48   -2.5   2.5   2.5   -2.5   2.5   2.5
12.49   -2.5   2.5   2.5   -7.5   -2.5   2.5
12.5   -7.5   2.5   2.5   -2.5   -2.5   2.5
12.51   -2.5   2.5   2.5   -2.5   2.5   2.5
12.52   -2.5   2.5   2.5   -7.5   2.5   2.5
12.53   -2.5   2.5   2.5   -7.5   2.5   2.5
12.54   -2.5   2.5   2.5   -2.5   2.5   2.5
12.55   -2.5   2.5   2.5   -2.5   2.5   2.5
12.56   -2.5   2.5   2.5   -2.5   7.5   2.5
12.57   -2.5   2.5   2.5   -2.5   -2.5   2.5
12.58   -2.5   2.5   2.5   2.5   -2.5   2.5
12.59   -2.5   2.5   2.5   -2.5   -2.5   2.5
12.6   -2.5   2.5   2.5   -2.5   -2.5   2.5
12.61   -2.5   2.5   2.5   -2.5   2.5   2.5
12.62   -2.5   2.5   2.5   -2.5   2.5   2.5
12.63   -2.5   2.5   2.5   2.5   2.5   2.5
12.64   -2.5   2.5   2.5   2.5   -2.5   2.5
12.65   -2.5   2.5   2.5   -7.5   -2.5   2.5
12.66   -2.5   -2.5   2.5   -7.5   2.5   2.5
12.67   -2.5   -2.5   2.5   -2.5   2.5   2.5
12.68   -2.5   -2.5   2.5   -2.5   -2.5   2.5
12.69   -2.5   -2.5   2.5   -7.5   2.5   2.5
12.7   -2.5   -2.5   2.5   -7.5   2.5   2.5
12.71   -2.5   -2.5   2.5   -2.5   2.5   2.5
12.72   -2.5   -2.5   2.5   -2.5   -2.5   2.5
12.73   -2.5   -2.5   2.5   -2.5   2.5   2.5
12.74   -2.5   -2.5   2.5   -2.5   2.5   2.5
12.75   -2.5   -2.5   2.5   -2.5   -2.5   2.5
12.76   -2.5   2.5   2.5   -2.5   2.5   2.5
12.77   -2.5   2.5   2.5   -2.5   2.5   2.5
12.78   -2.5   2.5   2.5   -7.5   2.5   2.5
12.79   -2.5   2.5   2.5   -2.5   2.5   2.5
12.8   -2.5   2.5   2.5   -7.5   -2.5   2.5
12.81   -2.5   2.5   2.5   2.5   -2.5   2.5
12.82   -2.5   2.5   2.5   -7.5   2.5   2.5
12.83   -2.5   2.5   2.5   -2.5   2.5   2.5
12.84   -2.5   2.5   2.5   -2.5   2.5   2.5
12.85   -2.5   2.5   2.5   -2.5   2.5   2.5
12.86   -2.5   2.5   2.5   -2.5   2.5   2.5
12.87   -2.5   2.5   2.5   -7.5   2.5   2.5
12.88   -2.5   2.5   2.5   2.5   -2.5   2.5
12.89   -2.5   2.5   2.5   -7.5   2.5   2.5
12.9   -2.5   2.5   2.5   -2.5   -2.5   2.5
12.91   -2.5   2.5   2.5   -2.5   2.5   2.5
12.92   -2.5   2.5   2.5   -2.5   -2.5   2.5
12.93   -2.5   2.5   2.5   -2.5   2.5   7.5
12.94   -2.5   2.5   2.5   7.5   2.5   2.5
12.95   -2.5   2.5   2.5   2.5   2.5   2.5
12.96   -2.5   2.5   2.5   7.5   2.5   7.5
12.97   -2.5   2.5   2.5   7.5   2.5   2.5
12.98   -2.5   2.5   2.5   7.5   -2.5   2.5
12.99   -2.5   2.5   2.5   -7.5   -2.5   2.5
13.0   -2.5   2.5   2.5   2.5   2.5   2.5
