# time[Gyr]	x1[kpc]	y1	z1		x2	y2	z2 	
# box half side = 100.0 kpc
# bin width = 5.0 kpc
3.5   77.5   32.5   -2.5   -77.5   -37.5   2.5
3.51   72.5   32.5   -2.5   -72.5   -37.5   2.5
3.52   72.5   32.5   -2.5   -72.5   -37.5   -2.5
3.53   72.5   32.5   -2.5   -72.5   -32.5   -2.5
3.54   67.5   32.5   -2.5   -67.5   -32.5   -2.5
3.55   67.5   32.5   -2.5   -67.5   -37.5   -2.5
3.56   67.5   32.5   -2.5   -67.5   -32.5   -2.5
3.57   62.5   32.5   -2.5   -62.5   -32.5   2.5
3.58   62.5   32.5   -2.5   -62.5   -32.5   2.5
3.59   62.5   32.5   -2.5   -62.5   -32.5   -2.5
3.6   57.5   32.5   -2.5   -62.5   -32.5   2.5
3.61   57.5   32.5   -2.5   -57.5   -32.5   2.5
3.62   57.5   32.5   -2.5   -57.5   -32.5   2.5
3.63   52.5   32.5   -2.5   -52.5   -32.5   2.5
3.64   52.5   27.5   -2.5   -52.5   -32.5   2.5
3.65   52.5   27.5   -2.5   -52.5   -32.5   2.5
3.66   47.5   27.5   -2.5   -52.5   -32.5   -2.5
3.67   47.5   27.5   -2.5   -47.5   -32.5   -2.5
3.68   47.5   27.5   -2.5   -47.5   -32.5   -2.5
3.69   42.5   27.5   -2.5   -42.5   -27.5   2.5
3.7   42.5   27.5   -2.5   -42.5   -27.5   2.5
3.71   37.5   27.5   -2.5   -42.5   -27.5   2.5
3.72   37.5   27.5   -2.5   -37.5   -27.5   2.5
3.73   37.5   27.5   -2.5   -37.5   -27.5   2.5
3.74   32.5   27.5   -2.5   -37.5   -27.5   -2.5
3.75   32.5   27.5   -2.5   -32.5   -27.5   -2.5
3.76   27.5   22.5   -2.5   -32.5   -27.5   -2.5
3.77   27.5   22.5   -2.5   -27.5   -22.5   -2.5
3.78   27.5   22.5   -2.5   -27.5   -22.5   -2.5
3.79   22.5   22.5   -2.5   -22.5   -22.5   -2.5
3.8   22.5   22.5   -2.5   -22.5   -22.5   2.5
3.81   17.5   22.5   -2.5   -22.5   -22.5   2.5
3.82   17.5   17.5   -2.5   -17.5   -22.5   -2.5
3.83   17.5   17.5   -2.5   -17.5   -22.5   -2.5
3.84   12.5   17.5   -2.5   -12.5   -22.5   -2.5
3.85   12.5   17.5   2.5   -12.5   -17.5   -2.5
3.86   7.5   12.5   2.5   -7.5   -17.5   -2.5
3.87   7.5   12.5   -2.5   -7.5   -17.5   -2.5
3.88   2.5   12.5   2.5   -2.5   -12.5   2.5
3.89   2.5   12.5   2.5   -2.5   -12.5   2.5
3.9   -2.5   7.5   2.5   2.5   -12.5   -2.5
3.91   -2.5   7.5   2.5   2.5   -7.5   2.5
3.92   -7.5   2.5   2.5   7.5   -7.5   -2.5
3.93   -7.5   2.5   -2.5   7.5   -7.5   -2.5
3.94   -12.5   2.5   -2.5   12.5   -2.5   -2.5
3.95   -12.5   -2.5   2.5   12.5   -2.5   -2.5
3.96   -17.5   -2.5   2.5   12.5   2.5   -2.5
3.97   -17.5   -7.5   2.5   17.5   2.5   -2.5
3.98   -17.5   -7.5   -2.5   17.5   7.5   -2.5
3.99   -22.5   -7.5   2.5   17.5   7.5   2.5
4.0   -22.5   -12.5   -2.5   22.5   12.5   -2.5
4.01   -22.5   -12.5   -2.5   22.5   12.5   2.5
4.02   -22.5   -17.5   -2.5   22.5   12.5   2.5
4.03   -22.5   -17.5   -2.5   22.5   17.5   2.5
4.04   -27.5   -17.5   -2.5   22.5   17.5   2.5
4.05   -27.5   -22.5   -2.5   22.5   17.5   -2.5
4.06   -27.5   -22.5   2.5   27.5   17.5   -2.5
4.07   -27.5   -22.5   2.5   27.5   22.5   -2.5
4.08   -27.5   -27.5   2.5   27.5   17.5   2.5
4.09   -27.5   -27.5   2.5   27.5   27.5   2.5
4.1   -27.5   -27.5   -2.5   32.5   27.5   -2.5
4.11   -32.5   -27.5   -2.5   32.5   27.5   -2.5
4.12   -32.5   -27.5   -2.5   32.5   27.5   -2.5
4.13   -32.5   -27.5   2.5   32.5   32.5   -2.5
4.14   -32.5   -32.5   2.5   32.5   32.5   -2.5
4.15   -37.5   -32.5   -2.5   32.5   32.5   -2.5
4.16   -37.5   -32.5   -2.5   32.5   32.5   -2.5
4.17   -37.5   -32.5   -2.5   37.5   32.5   -2.5
4.18   -37.5   -32.5   -2.5   32.5   32.5   -2.5
4.19   -37.5   -32.5   -2.5   32.5   32.5   -2.5
4.2   -37.5   -37.5   -2.5   37.5   32.5   -2.5
4.21   -37.5   -37.5   -2.5   37.5   32.5   -2.5
4.22   -37.5   -37.5   -2.5   37.5   32.5   -2.5
4.23   -37.5   -37.5   -2.5   37.5   37.5   -2.5
4.24   -37.5   -37.5   -2.5   37.5   37.5   -2.5
4.25   -37.5   -37.5   -2.5   37.5   37.5   -2.5
4.26   -37.5   -37.5   -2.5   37.5   37.5   -2.5
4.27   -37.5   -37.5   -2.5   37.5   37.5   -2.5
4.28   -42.5   -42.5   -2.5   37.5   37.5   -2.5
4.29   -42.5   -42.5   -2.5   37.5   37.5   -2.5
4.3   -42.5   -42.5   -2.5   42.5   37.5   -2.5
4.31   -42.5   -42.5   -2.5   42.5   42.5   -2.5
4.32   -42.5   -42.5   -2.5   37.5   42.5   -2.5
4.33   -42.5   -42.5   -2.5   37.5   42.5   -2.5
4.34   -42.5   -42.5   -2.5   37.5   42.5   -2.5
4.35   -42.5   -42.5   -2.5   42.5   42.5   -2.5
4.36   -42.5   -42.5   -2.5   42.5   42.5   -2.5
4.37   -42.5   -42.5   -2.5   42.5   42.5   2.5
4.38   -42.5   -42.5   -2.5   42.5   42.5   2.5
4.39   -42.5   -42.5   -2.5   42.5   42.5   -2.5
4.4   -42.5   -42.5   -2.5   42.5   42.5   -2.5
4.41   -47.5   -42.5   -2.5   42.5   42.5   -2.5
4.42   -47.5   -42.5   -2.5   42.5   42.5   -2.5
4.43   -47.5   -42.5   -2.5   42.5   42.5   -2.5
4.44   -47.5   -47.5   -2.5   42.5   42.5   -2.5
4.45   -47.5   -42.5   -2.5   42.5   42.5   -2.5
4.46   -47.5   -42.5   -2.5   47.5   42.5   -2.5
4.47   -47.5   -42.5   -2.5   47.5   42.5   -2.5
4.48   -42.5   -42.5   -2.5   47.5   42.5   -2.5
4.49   -47.5   -42.5   -2.5   47.5   47.5   -2.5
4.5   -47.5   -42.5   -2.5   47.5   42.5   -2.5
4.51   -47.5   -47.5   -2.5   47.5   42.5   -2.5
4.52   -47.5   -47.5   -2.5   47.5   42.5   -2.5
4.53   -47.5   -47.5   -2.5   47.5   42.5   -2.5
4.54   -47.5   -47.5   -2.5   47.5   42.5   -2.5
4.55   -47.5   -47.5   -2.5   42.5   42.5   -2.5
4.56   -47.5   -47.5   -2.5   42.5   42.5   2.5
4.57   -47.5   -47.5   -2.5   47.5   42.5   -2.5
4.58   -47.5   -42.5   -2.5   47.5   42.5   -2.5
4.59   -47.5   -47.5   -2.5   47.5   42.5   -2.5
4.6   -47.5   -42.5   -2.5   47.5   42.5   -2.5
4.61   -47.5   -42.5   -2.5   42.5   42.5   -2.5
4.62   -47.5   -42.5   -2.5   42.5   42.5   -2.5
4.63   -47.5   -42.5   -2.5   42.5   42.5   -2.5
4.64   -47.5   -42.5   -2.5   42.5   42.5   -2.5
4.65   -47.5   -47.5   -2.5   47.5   42.5   -2.5
4.66   -47.5   -47.5   -2.5   42.5   42.5   -2.5
4.67   -47.5   -47.5   -2.5   42.5   42.5   -2.5
4.68   -47.5   -42.5   -2.5   42.5   42.5   -2.5
4.69   -42.5   -42.5   -2.5   42.5   42.5   -2.5
4.7   -42.5   -42.5   -2.5   42.5   42.5   -2.5
4.71   -47.5   -42.5   -2.5   42.5   42.5   2.5
4.72   -47.5   -42.5   -2.5   42.5   42.5   2.5
4.73   -47.5   -42.5   -2.5   42.5   42.5   2.5
4.74   -42.5   -42.5   -2.5   42.5   42.5   2.5
4.75   -42.5   -42.5   -2.5   42.5   42.5   2.5
4.76   -42.5   -42.5   -2.5   42.5   42.5   2.5
4.77   -42.5   -42.5   -2.5   42.5   42.5   -2.5
4.78   -42.5   -42.5   -2.5   42.5   42.5   -2.5
4.79   -42.5   -42.5   -2.5   42.5   42.5   -2.5
4.8   -42.5   -42.5   -2.5   42.5   42.5   -2.5
4.81   -42.5   -42.5   -2.5   42.5   42.5   -2.5
4.82   -42.5   -42.5   -2.5   42.5   42.5   -2.5
4.83   -42.5   -42.5   -2.5   42.5   42.5   -2.5
4.84   -42.5   -42.5   -2.5   42.5   42.5   -2.5
4.85   -42.5   -37.5   -2.5   42.5   42.5   -2.5
4.86   -42.5   -37.5   -2.5   42.5   37.5   -2.5
4.87   -42.5   -37.5   -2.5   42.5   42.5   -2.5
4.88   -42.5   -37.5   -2.5   42.5   42.5   2.5
4.89   -42.5   -37.5   -2.5   42.5   42.5   -2.5
4.9   -42.5   -37.5   -2.5   42.5   37.5   -2.5
4.91   -42.5   -37.5   -2.5   42.5   37.5   -2.5
4.92   -42.5   -37.5   -2.5   37.5   37.5   -2.5
4.93   -42.5   -37.5   2.5   37.5   37.5   -2.5
4.94   -37.5   -37.5   -2.5   37.5   37.5   -2.5
4.95   -37.5   -37.5   -2.5   37.5   37.5   -2.5
4.96   -37.5   -32.5   -2.5   37.5   37.5   -2.5
4.97   -37.5   -32.5   -2.5   37.5   37.5   -2.5
4.98   -37.5   -32.5   -2.5   37.5   37.5   -2.5
4.99   -37.5   -32.5   2.5   37.5   37.5   -2.5
5.0   -37.5   -32.5   2.5   37.5   37.5   2.5
5.01   -37.5   -32.5   2.5   37.5   32.5   2.5
5.02   -37.5   -32.5   -2.5   37.5   32.5   2.5
5.03   -37.5   -32.5   -2.5   37.5   32.5   -2.5
5.04   -32.5   -32.5   -2.5   37.5   32.5   -2.5
5.05   -32.5   -32.5   -2.5   32.5   32.5   -2.5
5.06   -32.5   -32.5   2.5   32.5   32.5   -2.5
5.07   -32.5   -32.5   2.5   32.5   32.5   -2.5
5.08   -32.5   -27.5   2.5   32.5   32.5   2.5
5.09   -32.5   -27.5   2.5   32.5   27.5   -2.5
5.1   -32.5   -27.5   2.5   32.5   27.5   -2.5
5.11   -32.5   -27.5   2.5   32.5   27.5   2.5
5.12   -32.5   -27.5   2.5   32.5   27.5   2.5
5.13   -32.5   -27.5   2.5   32.5   27.5   2.5
5.14   -32.5   -27.5   2.5   32.5   27.5   2.5
5.15   -32.5   -27.5   2.5   32.5   27.5   -2.5
5.16   -27.5   -27.5   2.5   27.5   27.5   -2.5
5.17   -27.5   -27.5   2.5   27.5   22.5   -2.5
5.18   -27.5   -27.5   2.5   27.5   22.5   -2.5
5.19   -27.5   -22.5   2.5   27.5   22.5   -2.5
5.2   -27.5   -22.5   2.5   27.5   22.5   -2.5
5.21   -27.5   -22.5   2.5   27.5   22.5   -2.5
5.22   -27.5   -22.5   2.5   22.5   22.5   -2.5
5.23   -27.5   -22.5   2.5   22.5   22.5   -2.5
5.24   -27.5   -22.5   2.5   22.5   17.5   -2.5
5.25   -22.5   -17.5   2.5   22.5   17.5   -2.5
5.26   -22.5   -17.5   2.5   22.5   17.5   -2.5
5.27   -22.5   -17.5   2.5   17.5   17.5   -2.5
5.28   -22.5   -17.5   2.5   17.5   17.5   -2.5
5.29   -17.5   -17.5   2.5   17.5   17.5   -2.5
5.3   -17.5   -12.5   2.5   17.5   17.5   -2.5
5.31   -17.5   -12.5   2.5   17.5   17.5   -2.5
5.32   -17.5   -12.5   2.5   17.5   12.5   -2.5
5.33   -17.5   -12.5   2.5   12.5   12.5   -2.5
5.34   -12.5   -7.5   2.5   12.5   12.5   -2.5
5.35   -12.5   -7.5   2.5   12.5   12.5   -2.5
5.36   -12.5   -7.5   -2.5   12.5   7.5   2.5
5.37   -7.5   -7.5   2.5   7.5   7.5   -2.5
5.38   -7.5   -2.5   -2.5   7.5   7.5   -2.5
5.39   -7.5   -2.5   2.5   7.5   7.5   -2.5
5.4   -2.5   -2.5   2.5   7.5   2.5   2.5
5.41   -2.5   2.5   2.5   2.5   2.5   -2.5
5.42   -2.5   2.5   2.5   -2.5   2.5   -2.5
5.43   2.5   2.5   -2.5   -2.5   -2.5   2.5
5.44   2.5   7.5   -2.5   -2.5   -2.5   2.5
5.45   7.5   7.5   -2.5   -7.5   -2.5   -2.5
5.46   7.5   7.5   -2.5   -7.5   -2.5   -2.5
5.47   7.5   7.5   -2.5   -7.5   -2.5   -2.5
5.48   7.5   7.5   -2.5   -7.5   -7.5   2.5
5.49   7.5   12.5   -2.5   -12.5   -7.5   2.5
5.5   12.5   12.5   -2.5   -12.5   -7.5   2.5
5.51   12.5   12.5   -2.5   -12.5   -7.5   2.5
5.52   12.5   12.5   -2.5   -12.5   -7.5   2.5
5.53   12.5   12.5   -2.5   -12.5   -7.5   2.5
5.54   12.5   12.5   -2.5   -17.5   -7.5   2.5
5.55   12.5   12.5   -2.5   -17.5   -7.5   2.5
5.56   12.5   12.5   -2.5   -17.5   -7.5   2.5
5.57   12.5   12.5   -2.5   -17.5   -7.5   2.5
5.58   12.5   12.5   2.5   -17.5   -7.5   2.5
5.59   17.5   12.5   -2.5   -17.5   -7.5   2.5
5.6   12.5   12.5   -2.5   -12.5   -7.5   2.5
5.61   12.5   12.5   -2.5   -17.5   -7.5   2.5
5.62   12.5   12.5   -2.5   -12.5   -7.5   2.5
5.63   12.5   12.5   -2.5   -12.5   -7.5   2.5
5.64   12.5   12.5   -2.5   -12.5   -7.5   2.5
5.65   12.5   12.5   -2.5   -12.5   -12.5   2.5
5.66   12.5   12.5   -2.5   -12.5   -7.5   2.5
5.67   12.5   12.5   -2.5   -12.5   -7.5   2.5
5.68   12.5   12.5   -2.5   -12.5   -2.5   2.5
5.69   12.5   7.5   -2.5   -12.5   -2.5   2.5
5.7   12.5   7.5   -2.5   -12.5   -2.5   2.5
5.71   12.5   7.5   -2.5   -12.5   -2.5   2.5
5.72   7.5   7.5   2.5   -7.5   -2.5   2.5
5.73   7.5   7.5   2.5   -7.5   -2.5   2.5
5.74   7.5   7.5   -2.5   -7.5   -2.5   2.5
5.75   7.5   7.5   2.5   -2.5   -2.5   2.5
5.76   2.5   2.5   2.5   -7.5   -2.5   2.5
5.77   2.5   2.5   2.5   -2.5   2.5   2.5
5.78   2.5   2.5   2.5   -2.5   2.5   2.5
5.79   2.5   2.5   -2.5   -2.5   2.5   -2.5
5.8   -2.5   2.5   2.5   2.5   2.5   -2.5
5.81   -2.5   2.5   2.5   2.5   2.5   -2.5
5.82   -2.5   2.5   2.5   2.5   7.5   2.5
5.83   -2.5   -2.5   2.5   2.5   7.5   -2.5
5.84   -7.5   -2.5   2.5   2.5   7.5   -2.5
5.85   -7.5   -2.5   2.5   2.5   7.5   2.5
5.86   -7.5   -2.5   2.5   7.5   7.5   -2.5
5.87   -7.5   -2.5   2.5   7.5   7.5   -2.5
5.88   -7.5   -2.5   2.5   7.5   7.5   -2.5
5.89   -7.5   -2.5   -2.5   7.5   7.5   2.5
5.9   -7.5   -2.5   -2.5   7.5   7.5   2.5
5.91   -7.5   -2.5   -2.5   7.5   7.5   2.5
5.92   -7.5   -2.5   -2.5   7.5   7.5   2.5
5.93   -7.5   -2.5   -2.5   7.5   2.5   2.5
5.94   -7.5   -2.5   -2.5   7.5   2.5   2.5
5.95   -7.5   2.5   -2.5   7.5   2.5   2.5
5.96   -7.5   2.5   -2.5   2.5   2.5   2.5
5.97   -2.5   2.5   -2.5   7.5   2.5   -2.5
5.98   -2.5   2.5   -2.5   7.5   2.5   -2.5
5.99   -2.5   2.5   -2.5   2.5   2.5   -2.5
6.0   -2.5   2.5   -2.5   -2.5   2.5   2.5
6.01   2.5   2.5   2.5   -2.5   2.5   2.5
6.02   2.5   2.5   -2.5   -2.5   2.5   -2.5
6.03   2.5   2.5   -2.5   -2.5   2.5   -2.5
6.04   2.5   2.5   -2.5   -2.5   2.5   -2.5
6.05   2.5   2.5   -2.5   -2.5   2.5   -2.5
6.06   2.5   2.5   -2.5   -2.5   2.5   -2.5
6.07   2.5   2.5   -2.5   -2.5   -2.5   2.5
6.08   2.5   2.5   -2.5   -2.5   -2.5   2.5
6.09   2.5   2.5   -2.5   -2.5   -2.5   -2.5
6.1   2.5   2.5   -2.5   -2.5   -2.5   -2.5
6.11   2.5   2.5   2.5   -2.5   -2.5   -2.5
6.12   2.5   2.5   2.5   -2.5   -2.5   -2.5
6.13   2.5   2.5   -2.5   -2.5   2.5   -2.5
6.14   2.5   2.5   2.5   2.5   2.5   -2.5
6.15   2.5   2.5   2.5   2.5   2.5   -2.5
6.16   2.5   2.5   -2.5   2.5   2.5   -2.5
6.17   -2.5   2.5   -2.5   2.5   2.5   -2.5
6.18   -2.5   2.5   2.5   2.5   2.5   -2.5
6.19   -2.5   -2.5   2.5   2.5   2.5   2.5
6.2   -2.5   2.5   -2.5   2.5   2.5   2.5
6.21   -2.5   -2.5   -2.5   2.5   2.5   2.5
6.22   -2.5   -2.5   -2.5   2.5   2.5   -2.5
6.23   -2.5   -2.5   -2.5   2.5   2.5   -2.5
6.24   -2.5   -2.5   -2.5   2.5   2.5   -2.5
6.25   -2.5   2.5   -2.5   2.5   2.5   -2.5
6.26   -2.5   2.5   -2.5   2.5   2.5   -2.5
6.27   2.5   2.5   -2.5   2.5   2.5   -2.5
6.28   -7.5   2.5   -2.5   2.5   2.5   -2.5
6.29   2.5   2.5   -2.5   2.5   2.5   -2.5
6.3   2.5   2.5   -2.5   -2.5   2.5   -2.5
6.31   2.5   2.5   -2.5   2.5   2.5   -2.5
6.32   2.5   2.5   -2.5   2.5   2.5   -2.5
6.33   2.5   2.5   -2.5   2.5   -2.5   -2.5
6.34   2.5   2.5   -2.5   -2.5   2.5   -2.5
6.35   2.5   2.5   -2.5   -2.5   2.5   -2.5
6.36   2.5   2.5   -2.5   -2.5   2.5   -2.5
6.37   2.5   2.5   -2.5   -2.5   2.5   -2.5
6.38   2.5   2.5   -2.5   -2.5   2.5   -2.5
6.39   2.5   2.5   -2.5   -2.5   2.5   -2.5
6.4   -2.5   2.5   -2.5   -2.5   2.5   -2.5
6.41   -2.5   2.5   -2.5   -2.5   2.5   -2.5
6.42   -2.5   2.5   -2.5   -2.5   2.5   -2.5
6.43   2.5   2.5   -2.5   -2.5   2.5   -2.5
6.44   -2.5   2.5   -2.5   2.5   2.5   -2.5
6.45   2.5   2.5   -2.5   2.5   2.5   -2.5
6.46   -2.5   2.5   -2.5   2.5   2.5   -2.5
6.47   -2.5   2.5   -2.5   2.5   2.5   -2.5
6.48   -2.5   2.5   -2.5   2.5   2.5   2.5
6.49   -2.5   2.5   -2.5   2.5   2.5   -2.5
6.5   -2.5   2.5   -2.5   2.5   2.5   2.5
6.51   -2.5   2.5   -2.5   2.5   2.5   -2.5
6.52   -2.5   2.5   -2.5   2.5   2.5   2.5
6.53   -2.5   2.5   -2.5   2.5   2.5   -2.5
6.54   2.5   2.5   -2.5   2.5   2.5   -2.5
6.55   2.5   2.5   -2.5   -2.5   2.5   -2.5
6.56   2.5   2.5   -2.5   -2.5   2.5   -2.5
6.57   2.5   2.5   -2.5   -2.5   2.5   -2.5
6.58   2.5   2.5   -2.5   -2.5   2.5   -2.5
6.59   2.5   2.5   -2.5   -2.5   2.5   -2.5
6.6   2.5   2.5   -2.5   -2.5   2.5   -2.5
6.61   7.5   2.5   -2.5   -2.5   2.5   -2.5
6.62   2.5   2.5   -2.5   2.5   2.5   -2.5
6.63   2.5   2.5   -2.5   2.5   2.5   -2.5
6.64   2.5   2.5   -2.5   -2.5   2.5   -2.5
6.65   2.5   2.5   -2.5   -2.5   2.5   -2.5
6.66   2.5   2.5   -2.5   -2.5   2.5   -2.5
6.67   2.5   2.5   -2.5   2.5   2.5   -2.5
6.68   2.5   2.5   -2.5   -2.5   2.5   -2.5
6.69   2.5   2.5   -2.5   -2.5   2.5   -2.5
6.7   2.5   2.5   -2.5   -2.5   2.5   -2.5
6.71   -2.5   2.5   -2.5   -2.5   2.5   -2.5
6.72   -2.5   2.5   -2.5   -2.5   2.5   -2.5
6.73   -2.5   2.5   -2.5   -2.5   2.5   -2.5
6.74   2.5   2.5   -2.5   2.5   2.5   -2.5
6.75   2.5   2.5   -2.5   -2.5   2.5   -2.5
6.76   2.5   2.5   -2.5   -2.5   2.5   -2.5
6.77   2.5   2.5   -2.5   -2.5   2.5   -2.5
6.78   -2.5   2.5   -2.5   2.5   2.5   -2.5
6.79   -2.5   2.5   -2.5   2.5   2.5   -2.5
6.8   -2.5   2.5   -2.5   2.5   2.5   -2.5
6.81   -2.5   2.5   -2.5   2.5   2.5   -2.5
6.82   -2.5   2.5   -2.5   2.5   2.5   -2.5
6.83   -2.5   2.5   -2.5   2.5   2.5   -2.5
6.84   -2.5   2.5   -2.5   2.5   2.5   -2.5
6.85   -2.5   2.5   -2.5   -2.5   2.5   -2.5
6.86   -2.5   -2.5   -2.5   -2.5   2.5   -2.5
6.87   -2.5   2.5   -2.5   -2.5   2.5   -2.5
6.88   -2.5   2.5   -2.5   -2.5   2.5   -2.5
6.89   -2.5   2.5   -2.5   -2.5   2.5   -2.5
6.9   -2.5   2.5   -2.5   -2.5   2.5   -2.5
6.91   -2.5   2.5   -2.5   -2.5   2.5   -2.5
6.92   -2.5   2.5   -2.5   -2.5   2.5   -2.5
6.93   -2.5   2.5   -2.5   -2.5   2.5   -2.5
6.94   -2.5   2.5   -2.5   -2.5   -2.5   -2.5
6.95   -2.5   2.5   -2.5   -2.5   2.5   -2.5
6.96   -2.5   2.5   -2.5   -2.5   2.5   -2.5
6.97   -2.5   2.5   -2.5   -2.5   2.5   -2.5
6.98   -2.5   2.5   -2.5   -2.5   2.5   -2.5
6.99   -2.5   2.5   2.5   -2.5   2.5   -2.5
7.0   -2.5   2.5   2.5   -2.5   2.5   -2.5
7.01   2.5   2.5   2.5   -2.5   2.5   -2.5
7.02   2.5   2.5   2.5   -2.5   2.5   -2.5
7.03   -2.5   2.5   -2.5   -2.5   2.5   2.5
7.04   -2.5   2.5   -2.5   -2.5   2.5   2.5
7.05   -2.5   2.5   -2.5   -2.5   2.5   2.5
7.06   -2.5   2.5   -2.5   2.5   2.5   2.5
7.07   -2.5   2.5   -2.5   2.5   2.5   2.5
7.08   -2.5   -2.5   -2.5   -2.5   2.5   2.5
7.09   -2.5   2.5   -2.5   -2.5   2.5   2.5
7.1   -2.5   2.5   -2.5   -2.5   2.5   2.5
7.11   -2.5   2.5   -2.5   -2.5   2.5   2.5
7.12   -2.5   -2.5   -2.5   -2.5   2.5   2.5
7.13   -2.5   2.5   -2.5   -2.5   2.5   -2.5
7.14   -2.5   -2.5   -2.5   -2.5   2.5   -2.5
7.15   -2.5   -2.5   -2.5   -2.5   2.5   -2.5
7.16   -2.5   -2.5   -2.5   -2.5   2.5   -2.5
7.17   -2.5   -2.5   -2.5   2.5   2.5   -2.5
7.18   2.5   2.5   2.5   2.5   2.5   -2.5
7.19   2.5   2.5   -2.5   2.5   2.5   -2.5
7.2   2.5   2.5   2.5   -2.5   2.5   -2.5
7.21   2.5   2.5   -2.5   -2.5   2.5   -2.5
7.22   2.5   2.5   -2.5   2.5   2.5   -2.5
7.23   2.5   2.5   -2.5   2.5   2.5   -2.5
7.24   -2.5   2.5   -2.5   -2.5   2.5   -2.5
7.25   2.5   -2.5   2.5   2.5   2.5   -2.5
7.26   2.5   7.5   -2.5   2.5   2.5   2.5
7.27   -2.5   2.5   -2.5   2.5   2.5   -2.5
7.28   -2.5   2.5   -2.5   2.5   2.5   -2.5
7.29   2.5   2.5   -2.5   2.5   2.5   -2.5
7.3   2.5   2.5   -2.5   2.5   2.5   2.5
7.31   2.5   2.5   -2.5   2.5   2.5   2.5
7.32   -2.5   2.5   -2.5   -2.5   2.5   2.5
7.33   -2.5   2.5   -2.5   2.5   2.5   -2.5
7.34   -2.5   2.5   -2.5   2.5   2.5   2.5
7.35   -2.5   2.5   -2.5   2.5   2.5   2.5
7.36   -2.5   2.5   -2.5   -2.5   2.5   -2.5
7.37   -2.5   2.5   -2.5   2.5   2.5   -2.5
7.38   -2.5   2.5   -2.5   -2.5   2.5   -2.5
7.39   -2.5   2.5   2.5   2.5   2.5   -2.5
7.4   -2.5   2.5   -2.5   2.5   2.5   2.5
7.41   -2.5   2.5   2.5   2.5   2.5   2.5
7.42   -2.5   2.5   2.5   -2.5   2.5   2.5
7.43   -2.5   2.5   2.5   -2.5   2.5   2.5
7.44   -2.5   2.5   2.5   -2.5   2.5   -2.5
7.45   -2.5   2.5   2.5   -2.5   2.5   2.5
7.46   -2.5   2.5   2.5   -2.5   2.5   -2.5
7.47   -2.5   2.5   -2.5   -2.5   2.5   -2.5
7.48   -2.5   2.5   -2.5   -2.5   2.5   2.5
7.49   -2.5   2.5   -2.5   -2.5   2.5   2.5
7.5   -2.5   2.5   2.5   -2.5   2.5   2.5
7.51   -2.5   2.5   -2.5   -2.5   2.5   2.5
7.52   -2.5   2.5   -2.5   -2.5   2.5   2.5
7.53   -2.5   2.5   -2.5   -2.5   2.5   2.5
7.54   -2.5   7.5   -2.5   -2.5   2.5   -2.5
7.55   -2.5   2.5   -2.5   -2.5   2.5   -2.5
7.56   -2.5   2.5   -2.5   -2.5   2.5   -2.5
7.57   -2.5   2.5   -2.5   -2.5   2.5   -2.5
7.58   -2.5   2.5   -2.5   -2.5   2.5   -2.5
7.59   2.5   2.5   -2.5   -2.5   2.5   2.5
7.6   -2.5   2.5   -2.5   -2.5   2.5   -2.5
7.61   -2.5   2.5   -2.5   -2.5   2.5   -2.5
7.62   -2.5   2.5   -2.5   -2.5   2.5   -2.5
7.63   -2.5   2.5   -2.5   -2.5   2.5   -2.5
7.64   -2.5   2.5   -2.5   -2.5   2.5   -2.5
7.65   -2.5   2.5   -2.5   -2.5   2.5   -2.5
7.66   -2.5   2.5   2.5   -2.5   2.5   -2.5
7.67   -2.5   7.5   2.5   -2.5   2.5   -2.5
7.68   2.5   7.5   -2.5   -2.5   2.5   -2.5
7.69   2.5   2.5   -2.5   -2.5   2.5   -2.5
7.7   2.5   2.5   -2.5   -2.5   2.5   -2.5
7.71   -2.5   2.5   -2.5   -2.5   2.5   -2.5
7.72   -2.5   2.5   -2.5   -2.5   2.5   -2.5
7.73   -2.5   2.5   -2.5   -2.5   2.5   -2.5
7.74   -2.5   2.5   -2.5   -2.5   2.5   -2.5
7.75   -2.5   2.5   -2.5   -2.5   2.5   -2.5
7.76   2.5   2.5   -2.5   -2.5   2.5   -2.5
7.77   -2.5   2.5   -2.5   -2.5   2.5   -2.5
7.78   -2.5   2.5   -2.5   -2.5   2.5   -2.5
7.79   -2.5   2.5   -2.5   -2.5   2.5   -2.5
7.8   -2.5   2.5   -2.5   2.5   2.5   2.5
7.81   -2.5   2.5   -2.5   2.5   7.5   -2.5
7.82   -2.5   2.5   -2.5   -2.5   7.5   -2.5
7.83   -2.5   2.5   -2.5   -2.5   7.5   -2.5
7.84   -2.5   2.5   -2.5   2.5   2.5   -2.5
7.85   -2.5   2.5   -2.5   2.5   2.5   -2.5
7.86   -2.5   2.5   -2.5   2.5   2.5   -2.5
7.87   -2.5   2.5   -2.5   -2.5   2.5   -2.5
7.88   -2.5   2.5   -2.5   -2.5   2.5   -2.5
7.89   -2.5   2.5   -2.5   -2.5   2.5   2.5
7.9   -2.5   2.5   -2.5   -2.5   2.5   -2.5
7.91   -2.5   2.5   -2.5   -2.5   7.5   -2.5
7.92   -2.5   2.5   -2.5   -2.5   7.5   -2.5
7.93   -2.5   2.5   -2.5   -2.5   2.5   -2.5
7.94   -2.5   2.5   -2.5   -2.5   2.5   -2.5
7.95   -2.5   2.5   -2.5   2.5   2.5   -2.5
7.96   -2.5   2.5   -2.5   -2.5   -2.5   -2.5
7.97   -2.5   2.5   -2.5   2.5   -2.5   -2.5
7.98   -2.5   2.5   -2.5   -2.5   -2.5   -2.5
7.99   -2.5   2.5   2.5   -2.5   2.5   -2.5
8.0   -2.5   2.5   2.5   2.5   2.5   -2.5
